110011000111111010101110010001111011
010000011011000001010000011001101110
011110111101011110100000110011110011
110000011001100011111000101110000000
100100111010101110110101110101110000
010011101011110110111010001011001100
111011000100010000010001010011001001
001101011000000100001011000001101000
000000100010111010100001111101111100
011110010001001111011011110101100001
100011100110010000001001101110100010
111100111010101110011011001010011010
100011110001001100100101110101011011
010101100111010001000010011001001011
100100111011000110010101101110010101
100100110100101110110011000111101101
000011011011011000011011001101010010
111000011001011100100010010111100000
110110100010110110001110001111101001
110011111101000000101001111111010000
010011011111111011100101110000011011
111101101100101010100001010011101000
100010010100111100101111110001000000
110001001111011110000011010001011010
110000110101100110010001100010001010
110010010001110100011001010010101101
110110100111110111101010100100001011
010110000000011100111111111010101011
100001111001011111011100001011010110
111010101001000101001111111000010011
110010001011010010100110111000101100
011011010010110110011111000000111011
010011101011100010111110111111111011
001011010011010011010110000000011010
100101000111100110111000001000101110
001011011110011101011100100001000001
011011111110010000110010101011011101
001011001110101000110010010000110000
101100010001100111011110100000000101
001000100111100110011110101100011011
101100010010110011001000100110010100
000101011011000011100011011101011100
110011011111010010111111000011000100
001000110101011010010001010101001010
010101000010001100011010001111101010
010001010010101111111101110000000100
100110111001011011110000011111001101
000011110000010110110010000000010110
000011000100011010010101001100111111
100110110001011110010010001111000001
011110101011000000101010001110010000
101011011011000000010010100100000011
100100101011000000110010101110100000
100110111100111001000100001001000010
111100001001011110110001000111100101
010111100001110101001001010110010000
110001010010100111101100010110111100
001000101101110001001100010010100011
001000110101110001111011101110100101
100000111011010001100000011010011111
001101100100011100000011001110110111
000100111110110000001001001100111100
101111010111101110000001011100001001
111111111100001011111010011011000010
001100010001000110110110111100010001
001001010011100111000010101010011110
101001010000001010001010000001000101
010011101001010001000111100001110000
011000011111010101001001111001111001
101100100101011010111111100000011000
000011011101010101010001100001111101
100101000110101111011010001000000000
000000111101001001011111110101110111
111101010110000001111010110101110010
010011011111001101010000111101001100
111000100011010101011111101101011011
001100101111100100110010101101001000
101101111101000101001110110101011011
110000111111110111111010010101001100
101010001010100101010010011101100001
100010001110001011010000001100000110
010101010100100111100011110110110000
101101110000011111111010111111010000
010001010001010011100000100010001010
100011111101010111010011011100111010
101101001111100001011000100001010011
101100101001110010000100100100111010
011111010110110111000001001010010001
100101111111101011100000110100011101
111110100100010001111000000011000010
110111100110101111110100111111010010
010010100110001111010000111010110001
000100100001110101100100101010110100
100110011000110011011101100000101100
101010111001001111011011101110100000
000100101101101101010111010111111001
100110010111101010001011010011100000
001101100100100001100010000101011011
100111101110011111001001000110110101
011110100001100110011111000100001111
001101111111010001010111111001011111
000100101010000011101110111110100010
100100100000101101001011011001010010
100001001000011011100011011000000001
001001110100101101110010101110100011
011110110011010111000110110010110100
110100010111011001001010110001100011
001100010100100100001101111101010101
010101101111010001001001011011010000
111011011101001100110110000011101100
010001000111011100011011100011000010
110011101101110111100000010001010010
111111010101111011111011100000110000
101011000011000001100100011011011011
101000101001101110000100110111100010
000000000001101100010100110110101001
000111101000010111000111011111110011
100011000000011110011111110010011011
010100010011001111010100111011010110
100111011010000100111111000011100011
011100111011101001101010101111010101
111100001110100110001010110101101110
111010110111000000001110110110010111
101000111111000111011000101011001100
001000010101111101101011001000011111
001100010011111011010111011111010111
100110000000011110010110101100001000
101011110101111101101010101111000110
001000110100011011010001111110100110
111101000001111100011010011110110101
111100111101111000111000001011100101
011111110101111101010101101001011100
100010011010110010111001011111110011
011000011011001100000010111101001010
110010110010000111001110000001111011
111111001010111001001010011011111111
011111001001111110110011000001011100
110111111110101101111010010010011110
110100101000110000111110011001110111
010100101001101100101101000001110101
011011110110011101100110101011111011
111100100111001101110111000100101110
101001110000001100001100000110011000
010001011100010100101111010001111101
010100011010010000011011101110010101
001101111000111000000000010001010111
001010010001100001100101100011010000
101101001010011010001111111101100101
110100001000100000100001011011010011
010101010101011000110111101110100111
001010100101100001001100110000100000
101101000010011001010000100001110111
110001110001100011011000111100010100
011100010110001000111100100011111010
101101101110000000001111110000101100
100000100110000011010010011001011010
110010101011010011111110011011101010
000100010011101111111011110101100101
101010100101011011101111110100100101
110010101111111101011100100101111010
111001100001110011111100010001010000
001110010000101000001011001011001001
110101001111110001000101100011000011
100110110000101010011100010010000110
100100111101111000001110101001010100
101010111100011011011101001110100000
100011100111011100101001011000000011
110000110111101110111111101101011011
010011010000111110101011101000000011
010111001100011110100100100100011011
010110010111100010100100010001000110
110010010100100001111100100111101000
010011101011110011111011101010001110
001001011001001100100010111100001110
000001011010011101011110111000011010
000011001111111110000110100100100010
101110101100100100010011000110100100
001111011000011011110111011001000011
111001011001111111000001111110001100
000110110110100010101001010011110111
011100111101010001000011101010000101
010010110010110010110000100010111011
000000100011110011101011000011101101
111100100000101101101100110100010101
100000110001001110100001011100000110
110100001101001011101000011010101100
010101000001110111100101100100101000
000100010010100010100011000100001010
100100000010111010001101001110101010
101100100010101100100011000100100000
010001011011000010010111011111001011
000011000011010001100100010011110100
111011011001010001111010000110100101
011011001101001000100101100110100101
000011100011101101001110110010010011
100010111010110001000011101001010101
001001111010011100110100011111111111
101001011010010011010010110101110011
001100110001000000011000110100001001
100111110011010111111001101101111100
001010111111101111010011110111100011
100000010000111000010110010100000100
010001000000110101000101001000101000
001001001110000101111010110001100000
010000100000010011000101011100101010
011001110100010111010101000000011010
001010011100010110010111000001111111
000101110001010100011000011001110011
001111101001011101111110111100110000
101001100000110111001000000010001111
010101101010000010101110001010111010
010100011011010100110001101101001000
110110000101001010110011011110101111
001000100001010001011111110000100011
010110110101110000101000010100111010
101001101010101001101010011111111001
110100011101001010001111011010100010
100001110110110011110001011001001110
000000011000011111001010010110110110
110010110000110101100100111001000101
111001000001100100100010101011100110
001000110101000011010100011010111110
101000011000010001000110001000101111
011011000111100110100100111110101011
011011001001101101100001001010000100
110000101010000100010100110000100011
000001001011101000110111111000010110
010110100010010001001100101110010011
111010100100010111011110101011001110
000001100000011101001011010001011100
110011101000010011000100111100100001
111100110111111110101011011010111100
111110101111111010001000000101010101
001010000010111100000110000111111011
100001000011111100100110001001010001
111111000111000101110000001100010101
000110001100110001100111101001011001
101010011010111111001100110100111100
100111011111000111000000101001111001
110110010101010100000011000000000001
101011100100111000001100011011001010
110000101101110000101010011110100100
011001100000111101101110110111010001
001001001101010010001010101111011101
001100010110001111001111111011001101
010001000110111100111000001111110010
000011100110100111111110111010000111
001100010101011100100000100010110110
001000011110100100000000110111001100
000011011111011001010101100101111010
100001100001101100101011001010100101
110101000010100111100101011101111010
000100001100100111010010010001110100
011011101101101110111001110011010101
110001000111111100111010001010010001
