00011011011001111110101000010101000110010000111111111110100001111000100011001001101100100111101000101001100111100110000010100010011010100011001111001011101110110011110100110010000010011111101011001100111001010111011111011011110010000
01101111111100011010000111101100000111101110100000100010011011001100111101110011111011000011111010110000101101010101001100011011111010000000110010010110101111010111011011000111100000100000101110010011011011000001111110100010011100010
01111110011010000010001111011011101110101110010001111010000110000110010100000101110011001110011011011000000000100111010001011001100110001001010011110010010001111111010100111011100000010101101010001111101000000011000111110101111011111
01111100010010010010010011100001110100110000111001011001100101110010001110010100001110101110100110001011110010000110010000101100111111111111001100101100111000011011110110000100000010011111110010111100000010010101111101011011101010011
00100101111101010110010000101111100011010100111110001101010111101000000101001100101010111010101100101101110000000101011100001111111011000001001100011110010110011101000110001001010001100001010110000111110110010111011110011001000110110
01011000001011100011001110011010111100110100011001111001111101010001100110100101001111100100010101000010001101011011111010011001010010011011100110101000100111011001011111011000010101010111011100001110001010100000011110010110101011111
01101010101001010110111010101101101001100000010010011111100001011101111010100110110101000011010000001001101010100100110100111101001000011010110011011011000111011101111101110111101110011001000000110010111101101101011100110011001000111
01100111011111111101011110010100011111110010000100111110001111101111010100100001111110010100100010110001001101011011100001010100011001010011111110101110000000000011100101101011000001011001001011010111110010101101001010001110000011110
00111111000010000111000100010110010011101110111010110000100000010010010001000100000001111100011111100010011101100010101111110000101011100101100000101100000101010011110011011001110100000100001000101010110010010110110100100001111000000
00000001111111011100001010101001010010111010010110001111001111110001100000000011111101011100111000110100001100001111100101111111011110000100010110111111000011000100010001011001000100000000011001110101111011001100101100000000000010011
00111010101110011001100101011010100101111111000011011101001010101000111110010101111101001011010000011111011111010101000111100100011010101010110101110110001110100001000010110111111101111010000010101111011100000111100100011101110010011
01100010101001000001001010000010001111111111001001001001101001111100000011010000010010001110101010011101110000000010100100011010011111101010100101110101101010101010000101101000000000110110101001001000110100100111100011100100011011100
01100000110001011001111001100101100101001011100001010110110100010110100110101110011011000100011111110011110010001001011000110101110101111110001000110111100001001011000111111001001111010110011000111000111011001111000111101111010111001
00111111011101010110100001000010011010111010000010101010011010110011011111111001110010100101111011010111010001011010001100001100011101110010011101110011011000000010111010011100011111110011011111011101101011000000011101000000001000011
00101101100001011010011001110011110110111100100101110000100011010111000001000100000110000000111111001011011110001101100011100110100110011100001110000101110111000011000101010010101010000011100101011000001011000110111000000100111100010
00110000011010001100000010101011111000000000000101001101110001110010001011100101101010001010000100011010110000111100111111011001100111000010100000111001010110111110000101110011000111110010110110001011100011010001110101110110100100111
00000100111011100110010000000011000000100100001011110001001100000000110111100011011101000111111110011011000000011000110000110011100011011100110011000001110010000000110111111101101100000110110011011000010111010110100100111001011001111
01000111101001101100011111000111000010010001011011001110110001100001001100001101000011010111010001000001000011011110111001110100100000100111000011100001111111111100101100101001110100111100011010110011110101101100110011110001010101000
01000010000011110101110100000010010100100001101110111010011000010111111100000101101100110101001011011111100111011100100111011100011001010100110001001000110101010011110010000011110000010011011000000001100100111111110001110110110010111
00111000001011001010011011010100010011101101111011111111000101011011101001001011100101100100001001001010110101100011000011100010101011010010011001000101100011011100010000001000110101111001101100001101000111111010110111100000000110001
01000000010011011001001110011110001000100101110001011101000101010111000000111000000001110010011101010110100101000010100110111011100001000101110101100110010010010100011100110001011010011110110011101010010001010100111000001101000101100
00101011011101010100111110001110111011111010110111110110000100000001010111001111111011110111000010100100000101011100001100001111000110001100010101000010010000010001101110111111101000000101001100100101000011000100101101110011010000011
00000111101011111010110000011111010110010011101010010100011010001101000111011111100001110011110101100010011110000100111101110110111100011111001000101010110110010100011110010101100101000010011001100011100110111000000111011101001010001
00000000010001100001100100100100001100110011101101110010110110010010001101100000111100010011000000111111011100111100010001011110100011101100111101010111100001010001100011000000100010011000000101111100000011111111011011110000101101000
01110001110010001101011100110110010110000010111111101111000001101101001111101110100001111010010100110001101101101010111011111011101010100100011001110010010100100001111010001111111000011011011001100111000110110011100001110100001001100
00111101001111101100100000011011100101001101110010010001111111111110000010100000100110110001000100000111000011111011010010010001000110010111011001110010100100011001110011001000101101101001001000101101111100111110001011100011011011110
00001001111110100000100111110010011010000110101010111110111010110101000110000000001010011010111100100100100100100011100111011110001011010111101100110111010001101100001011011110010100100100000000011001101000110110000111100011011000010
01000100111001101001001001111101001010011010010000011001010111111000101110000000001010010011100010100000111110010010010101101101011101110000010111101110001001000101101011101010000111000101000110000011111110000100011101110000011111001
00101000101111001111100010011000010011111100000010110011000010110100111110111110000111101111111010101010001011001001010111000011111101100001011101100001000100100001100011100111101001000010101000001100011101011001110100011100100110010
01111001001000000101001101000110110101010111111100010010011101111101110110000110010101000110011110000100100101101111000000110000010010010101011010001010111110011000000010010001101110110111110101000011000111001000011000001100111001100
01011101010000010101111100100111110111111100100000110001011101100000011010010110010101101001110110100000011101101010000001001100110111010100100111000101001010100011010001110111101000001110001000101010000100011010111000111001000011001
00101101111000001101100000111100111001000101101111101000111000111011010001111010110001111111000000101000001000111101000110111101111111110011000100000110101101011101100111011010010011100001011011000111111110101001100111010000001010101
01011110100110011110110110110111110010000011000110010011111101111001110101101100011001000110101011111111000001101001110111001011111001011011000011000001110000101111101111010111111110011000101010100111011000110011001100010000001000001
00100001111010110000110101101110100101100101111001101111101001010001101100000001001001011010111000010000001100011001010101111000100010100010110001001001001101011001100010110100010001101100000010101111000100111101110011000100111000110
01100000011101010010011101001011100111010001010011110100010010011000000111001011011010011011011100010001111100000000010100001011001010110000100111101111101111001000000001100100010001100100101101000001001011000010011111001101111000011
01110110100000010101001100101100101101011000110000101100000010010010010100101101001011111000110000110100001110000010000001000010010100101010001000111001001001101011010000100101010100101000110101010000100010011010101100001111010000001
00101001001010000000011011001110111110101000111110111011001011111001100011100001110010101010011100011000110000011101111111001001001101100010001111011110001000110000101100101000001110000000110110101110110010101100111011001101010110001
00101100101010000101011110100110001011010101111001110110111001100011001100100110000000001000010101111111100011001001010100111011010010001110100100000110111111111111110010110011010000100110111010111010000101010100101110000011101110000
00000010011011100010110110101101110011100001000110110101001111100010101111101100001101010011000000101100000010011010001000001100001001011000011010110010011001011111101111001000011011101111000101001001100000001001101110000011000111010
00010001111011011111101001101001000111100001110010011111111001100101001000001101010100010001111111110111000111010000000001011100111101111001000100000011010010010010001011010101011010111010111110000100100000110100100110110010011101100
00100111111010010100101011100101100111011111110110100000101100110011011010010010101001011101100100111010001010111100101110000001001111011000100100100100111010111111111001011010000110010001111010001000101100001001111001101101010101110
01001001111010010110110011110010010001001100111111100000010111110011110111000001011101101011001001001100111000110111101111000001000101000011100101001000111101010011000100011110011011110100001000101111001100011101101110011100101111001
01010010010010100010000000000011110101101011011110110100101110110001001001010111100001111011000100000100101001110000111111011110001110011101001000000011100001111110011100001110110101011001111100001001111110010011000011101100100101101
01011001000101011101101001111110010101001001010100101000111111001110010000011011111010000100100010001101001010000110001001111111100001011001111011011110111110101100110111101010101111101001000110101111001011000110100111101001001111101
01010010110110110000011110101010011100111001010000101010101101101101101001011000111111111000011100001011110010101000000011010010110010100000000000100000110011100011110110001010010110010001000101011100000011011110010011000011100100001
00011100000100000010101110101110011111111010000010100110111101011010010101000011110011100111010000000010001101111000001001100011011100001100111111101010000100110001010010001111011100010110000011100101001111101100001011001110111101101
00101101000100000101111100000001101101001011010111001110110110001001010010010010101010110000110101101010101011100001101000001010010110111101001001011100110010000001101000000011100110011111001011110101110001010001100010111000110011001
00110101000010111001011100100111101011100001000111100000110101001000000100100000110010011011011011001101011100101100001001100001101111110100001011000011010101001010101001111110101001010010001101101101111010000100101111011011101101101
01100110101110100011000001011010000001001001010100100000100100011011101000110001010000010011001000110101000001101110101101111001010100010011001111011000011100100010001101011110001001101001010010111000000101100111011101000001010001101
01111101110100011110000110110001110011110011001010000100100001110001111011011101010101011101010101110110101110111000110100110100110100101100000010101000111101010100101010010011101011111111010100010001010110100111010110111111000110011
00100011110111111101010010010010100100010100110001001110101011001110110010111011110101000101010101100001110010100101001101101101000001011101110100000001101111111000011100111001010110000011000110110011011101001110010001001111011101111
01100111011001001111001011000001010011011100101001011000001011010001011001000010110110000010111000100101101111010101001001011111011100101100000110100111101111010101010000001101010111000100110101110100110101110101100111110000000111011
00000010100000011010101101000010011000001010000000111100100110100011110110010110011111111111011000100111101011110100011001011001001100010000110010100011011010111010011000100011111111000100011110000011010011010100101001110000110101001
01111001001111000110110110110101101111000111110010101101001100011100101111101100001110100010000001101101001000110101110001000011100110100110110100101110000010001010000000000011011011100010101001011110101000010011011101100100101110110
00100101011111101000110110011100100100001100100111001111011011111011000111010100011111011010110000100110100100010101010011001000100001111111010011011011010001001100010001111111111111011111011010110111100011001100100110100001010100100
01111011011010010110001111101111001101111000001111101101110010110010000010100011110011111100001110010011100100011111110010011010110011110011000101011000000011011010001010110101111100010111101100100111001110111000100011101110110110111
00010110100000101001100001111100110111000000010000100100100101111100001111010110101001100101100000110001011011001010100101000111011111000100000101001110110110111110011100010001010111011000000100111101100010101111001011001010010000011
00011001110110111101100110101010100100010110101101010100001001100110000000101111100001001100111011000010111111001101011110001111010111001011000001011001101000101000010110101000101011010001110001110010000110000011111000001001101100111
01011101000111110000111010111010111000111000001010011010000010010010100011101011100111011001100001100000000011101111001100010110111111011011000101000111110111001001000001110010110010100010101010101001011110000010100010110001000001111
01101010101100100001010111010001110101100011001101011011100101101110010110001001001111010110011011011101001101111010110000000110110110100001100100101110110100100100110010111110100010010010110001010101011000001001101101010111101101001
00001000111000111001110010111110110100010011001001110111011011100000111110010110110001001110010100101100010011011101110000111001010100011001111001000111111100111011111011110011101111101011101100101101010011110100000010010110000000001
01001010010000100001001010001011101000111110111110011011010110011000100111001001010101000110000001011101000001000101010101100100110110000110100110111011000101100111110100111010101001100111101011000101010011010001100111001011110100110
00010110100001101111010011010011110111011110111111111111010110000100011000110101101000110010100100101100100100000001100101100010100001111000101011010100100001010110111010111101001011111101100101101001010001001110000000011000100011110
01011110111100101010000101110111101000101101101000101011111000100111001111010100010000101110111111101010001110001011101110100010000001010100100010001100110010101100101000101000101100010101011010111101110000010101000100101111011000000
00100111010001101010111100111101001110001101111100010010001100010001011101111111111100010000101101001111010000111010001100111111010000101011001011101100101111100110010010011011001101101110100001001100001111111101010111001100000001011
00100001100111001011101111100001100011111101111011000111100101111011101101001101011011100011111100110001111111001011010010110000111100100010101010101110011111011001100111001100010111110001000111100010000111100111110010100101110001100
01101010111000100110000011101000011101011110010100011000110111111001101001000101100001010001010111011000011001111000001110010011011111110000100111001111000100111101111110111111001101110001110010100010001000011101111000111000100001100
00110011101110100111111100111000011111111111001100011111110100000010001110100100000000001010010011011100110101010000100110011100010000100000111111000001100101110111100101001001101100110101011000010010001100000111001100000101011001111
00100010011011110101100101111101001101001111110101001111101101100101101111001010000000000110000110111000100110010110100111000101000011100101111101100011111011111010101101111001111000100100100001010100100000110011101100001100111100100
00110110010010001001100000100100100001010111011101110000000101110100111000100101011111010010101000010110011110111000010100000110010111110000010001110100110100011110111011100011001100001100010010101101010001011011001100011010010010011
01100111110001111001001100001001011001111001011100101100000110110101111010001001110000010111010010110111100100000101111110010000100001000110110100101110101001010100000110111000000001001111011101001100001010001010010010100101011010110
01101001110000101000100000100110110011000011010100000011001001010000000110010101001111111100110000001000010100001100011010110010110010001100100100001000000100011000010111100011011101010111100101000110101111111010100000100101101100010
00110111000100110000100011011010111110000001000100000111010111110110100001101110001011111010000101110110010100110010111110010111011000000000001011101010001010010001000010110101000100110011100001100111000110101110001011011110011010111
00011001110001110110000100101111011010011111101011010011011011000101101011100011001101010011100110111001111001011000111110010111110111010110100011110110001110000011001010000111110001011001100101010111100110111011010101001111111000110
01110111011110110010110011011101101100101010111110100000010100011010110111001011010010010101110001110000111110000110111010110000000000110011111001010100000010000000000001001001111010101011010001101101110111111111110000111011001001000
01111100110000000110001010011011110010100101111011101111010111001011110011000111011111000110101110010011011100000010001111000101001101100100001111010011010111011100010101100100111110010000110000001111111110001010100011010100000100100
01101110100000101000010111010011011111100010011010011111110100101011000100111110011101011000011000011000111010110111001111111001101100101001100101101100110000001010000000010111100001100010010111111111010100100111000000100000111000111
01110001000101101110111101100010000010111000011110110101011000001110011111100001101100010100110000100110011110000101011001110011111011101000101010110100000000111101100100010100110110001001111001110011001001010011111010100110100001111
01000000010110110101100000011000110010100011111100001100001001100010100001001011111101001010000111101100010101111000000001010001000010001011011111101110010101011110110010010001111101100000011000110001100110100001110111101101100110101
01101010100001100001011110000010010001010111101111000000011100001001001000001101011100010000110111000010011011110010011100011101000011000000000101000001101101000111000001010111010100000100010100000000110011011111010100110110110100001
00101001111011010111001010111010011011111111100110001011111000100011011110010010000111011110111110110010100000001011000010101011111110100000001001111100111100001111011010100010001001100100111001000100100100100111110111011110001110001
00000101100111110011100101010100000000110100101110010100101111100110001110100100011110001111011100110001001101100111101001100011111100101110110000100110101101100000010001000000111000001010100110100010001100101000001101000011001101000
01110111111111111001000000100101000000100011101111000001011110001001011010011111011000100100010110100100110011110010111110100101010111001000111101101111111001100100101011100010101011111110011110010011010010111011110110100000011011011
01011100100010000100111010111011101100100110100110001111011011100111111000001101101000011100110001110101001100111010001110010111111010000100001000101101111010011000010111101001010110101101110000100000011110010000111101011100100001110
01011000110011011011011111011100100000010110001011101011111100011010010110110100010111011110101000000111011000100110111101110100101010001100010010011011110000101010010000000001110110101001000010111010111001001111000010110110001100000
00010011111000010100010001010000110000110100001010001111001101111000100100010111100010010011111100110110101011110001100001101011110011110100111001110001100000001101111100110010001101101110011000011010110100000000110011110001011010001
00010110001000100111111010111010000110011111010000111100111110010100110000010110111111111101101011110101111111010111000001010001101011001000001000001010110100010101010101101111101101011101010101010101111111000111111110000011000001011
00010101111011110001100100010010111001011100000111001101011010011111110110011001010010011011000111011110000010110110010110111101010101110101011100011111000011101111011101110000101100110011111010100010100000100110101001101110001010111
01000000011100011010101010000100011011011111000010010111111011100111011110011101000000011011000111010110000110101100001010011111011010010010011111011100011110110101100111111010101101110010101010110111010101010100011111111100110110100
00100000000111010100010101000101000011011100011110000100010101101011000001010000010100110011000111101101111000111101001111111010010001110111001000000111010101100000000100111101011110011100010100101111100101010001010010110100100000010
01111001001010011100000011000001011111101010011000011101010011100011001111110000100000000101010010001100011110100010010100000110110100100010010101010100000011101000000001011010101110100001111001100011011110110010101111111011000001100
00111110000100001110000100001101110010101110100111111110000101010110001110111011010111110111100001111100001101101001000110010011001111110001100010111011111101111000111110001011111011001110011010000001101010110110101011100111100101000
01001010011100000010011110100100001100011010011111111100011101010001111000100010100000101100010000010110111010111100010011111011110001010101001001000100111100111000101001111011101111101111101001110100100100110001110000001100001111010
00010111010001001000111001000110111011111100101010100010010011001001101010001011100011100100011011111110100101100111110110111000001000111111001010000100100001011111111000100011011001100010110010001001110100000100011111111100000111101
00101000000100001010110100010011101011110000010011111010110000000001101101000011000000000011010011010000110001001100110111100101001101100100001000101000000100001100111101100110110011101000111011100001000000000111000000010011101100111
00001001011000111000000111011111111000111100010001101111000001001001000010011011110010111011101010000011011000111100000111110000000001011110111000110100101011011101101000101010110000001100010010000011100111001111011011111001010001001
01001000000011011001110001101000011010101101110011100010011010001100111100110001010110001010001100101001011100101011010110011011101111001001111010111011010110000100101010011101011000101000001010111110011001010000010111001001101100111
00011011010000000010110010001011010010011100101110101010001010100000110110101011001001010000101001000101001001111011100011011111010101101100110010000011111100100001100101001000100001100011100011111001101001010011011001010001011001100
01101010100000100101110111111110000011100100010111100000011110010000011101100110111101011011001010111100100111100110001111001010100110000000001101111100100010101010011101011001010011000000111001110100000101010000001110111011110100000
00011001100000010010001010010110100001110100101000101010100000100000111010111000101101101011001100011111010011010010010100010101011111101001100111101011101010010111101011000001111010001010110101010101001111101011100101110010111110001
00010101010111001001010011111011011111011010010010100000111000000110111101110001001010100111111110101100001110011001001010100000010011101110111110000111101100100011000110101111001111101011111001111100010101100010011100011100100010110
01000110010000001001011011011000001111001011101001100001010111100000000000001011111110010000011000010001110111111010010010100110010011110110001111000001101000110011001011101001100001110110011101100010001000000101100001100110001001111
00000001100011101010110100110110111010101111000000001001110101100001111011110000001101000111110101111001100111110010110110101000111110001000110101010101011000001110110100000111000101010111000011001111110100000000111010101001111101001
00110000001010010011011011000011010011001011110101101001001110101000100000110010100011010000110011010111010101110100101001111010100000100010100111011011010100111000011100111110111000101001010100011111100100001000100111011010111011110
00100001011001011010101110010111100101101110011000101101000100010111011010100111100111011100000101110010101010111000111110011100001001111010011011010011010001011100110001100111100000110110010000110110100000001101011001011101110111110
01000110010100100111101001111001111000010011011101000010010111011000001110011000000111110001100001011100100010100101001000110010010000000000010111101000111001000001100010001101110001100000000011010101010011000000100000010011111101110
00111011001010110010110000100111111101001000110001111101001000001011110111000100111010011111010010011010111100010101010111011000101100011001000000011011111011101000101001111001101100110111000010001011100010001001111101011101010101011
00111011111111001001111000100110110010100011000110000100101110000111101101011010010111101110000100101000010010100110010011111011100101010110100001101101000101100010001000010011101010110000100011011000100100000110110010110000101101100
01101111110001111110110010110110011001001010101001100101011100000000010010111011101101011001100100101101011110011110010010011101010000100000011000100000111010000011000100100101100101001101111010110010110100011001100001100001111100000
01100000000100111001010101011011100100011111000101010101010010000101110010000101001011100100101101001010010010110011110111101101000110111011010111100000100010000110011101100100000100010110010011111111010000001011000101111001111110110
01101101110110100100111000100100101111110100011001001100101011101110000111000110111001011000111101111100011101011110010100000100110000101000111101101001111010000010111011100100101110101111011101100111001110010110011111010101011100100
00111100101001101101101001111101010000101001110001010110000100101011010110011010110001000011110010110011000111010101101101101011110001111100010110011001100011101001011111100001111010101001111110000010010100010011010110011011111011000
01111101100011010010010000001000010001001100111100011111000100001011011011100001000001010001111000001011101000100101110111001110000100011101100101110001001000101000100010111001101011101000000000011111100000010101110000001111110011111
01100111100011010111101000010111001110110010011011010001010000000100110110001001000101001001111011010001010010001001000010001101010010000110100001111011011010110010110010110111000110010101001110010010111111010100001011000001001010100
00001101100010110011110000110100111000101100001001110001000110001110110111001011011010100000011100011100111111001101001100111000111100001100011010010110100110110100100001100001011010111111100010000001111000000100111000010101110100011
01001111010110010000010100010111011010011110100000000100000100100000010010011010100010001000111100010000001100001111100001001001000000011010000010101100010011000110001010101101000111101111011010011011000010110010110001101111000110000
00101111111111010001011111100010011011110101010110010101001111111011001010101010001001110100111101010111101000001000100000101011011110011001001000110010011101100001100101010101101011010000000111111111101000101000000110011110110101000
00011100000010000010010110110111010100001000000001111011001110101101010111101000000011101011100110101000001001100001100001010101110010000011000001000011100110001110110101000111001001111011011101011111101011110110010101010001101100000
00101010000001010001110110100101111011000011010101011000011110000000100000001000000110100011101010000111000101001010101111000000111011100000001011010110111100101111100100010110110001110011001001010011100000100100000110000110001100001
00100101010100001111100000111010110100001110111111000001100111100001110000100001011110101001001110001000010101111111001001010100100100111100010000011001101101110110101101000010110101100100000110001100010100000110111110011100001100010
01111000100101110011111011001011010000110110011111000110111000110001110110010001110100001110110010000101100111001100100010100000111111011100000001001111010100111011011110001111101000010011101000110010000000010101001010001111000010001
00101100000000011010000000010001000100001110001101110111011110001111001001010101010010010001000010101001110010111011001000101100110100101010011111110101010010110000011111101000000011010011011011111011001011111000000101111101010000011
00001010111111110000100011000100111011011101001000000001011110010000000110000100110111001101110010011111011011011101010111111010111010100101010110011000111101110111001101000011100011110000101100100011110011101110100110001100011111000
00110000010101110100100101100100110101011110110101111011110000010011000111101111100100001000110100010000010110110110110111010000010100000001101110111001101110000001010001010110011101011101001011100001101011110100101100101001100000011
00100001101001010110101011100111101000000011000111001111000111101100000000011000011010100000111101100011011011111101101010000001000000011100011001111101010100100110011111000010001001000100110101100111001011010101100010101001111101010
00001101001001011001100001111101111100111111101010011100111011100101000011111110001110001000100011010000001000111100011001010000011101101011010110100001100001111010100111010011000101011011000101101011101111000110001010001001010011100
01010100110111001010010111011100111100101001101100111110111000010101100010001111001001010101001000001001110111010000001110111110111110010011011010111110100110101011100110100100110101110010011011110000110011000111011101011000101110101
01111010100101101100001111110100001011001011000011101000100111000011101100010001100111101100101101110100100010000100000010100111010111000100001101010011010110110110010100111000011000110100101101001100100100111110101100101001010101001
01000010010001101001110111100100100110111001111000111110011111010011000100011000000100111011010100101110101110011010000011101001111001110100001111101111001101110011101000010000100111000010000101011101111010001000000001010100111110110
01010110011001001001011100001011100011111000111101001011100100011001001000001010010011111101001011101111010110000111111100011110110111000001111010101010011111010010001000100001000110110110010110111001110111010000110000010101111010110
00001110101100101110011110000010010111111101111010111001100000011111100101001111101101000000000001101110011011101000111100000000100111111110010100011011101101011111011000111111011001011011100010110100110011100001011100110111110101000
01010000110111001001100011100001001001101100110111101101010110101111000110100011000010011011101000000010111001111101110111100111111100100011011011110110110100110010001011001001111001111010111011101001011001010011011000101011011101110
00010001001101000101111111011100100111110011010010010111010001110000000110111100111110111000110011010100010011001110000111100011011000010100000100111111001101101100000111101001110111110010101111110011101101010011110011010100101011010
01101010100110010010011001001010101010101111010111011000011000111100100101101111111100000101110011011111000110000001011111111010001000000000110010000100110111001010000000001010101100110000110010001110001010010011101110001010011110101
01000100101001101111010110110000100110100101011100011110101111101111101011111010010110110101010101011101000010010010110111010111110100011110111110110110101010101100010011001001001010000110000111011000000011110111000101100101010101101
00100100000110101010100100010000001110000011010101101001101001110111100111001001111110111010100101000010001000110100001110101111000100010000000100001010101111111100111101110010110011001001101111011100100111101001100000110001111010100
00011100011001101011111001110010011110100010111101101100110000111111100010011110111000010111101001101100011110100101111101101110010010010010000101001010100011100111111111001011000100111100101001100111100001101101000010101000110111110
01101100000100000110101111110011011011111110110100101010100111110000101011101010001001000001101101110001011011010011010110011111101110000101100111010010100001100000000010100111000111011000100111010100000000001000111111010011111000010
00011000110001011100100110011101101101000010110011010110110100100000110110000100101101010100010101001001110001001000000101100101101111011100111100110001111001110010111000101100101111011110010111110100110111111110100000001101000101001
00010010010010011110111001010010111000010110000111011010110111010000000010011011001100011100100010110011100011110000011110000000110110001110111000100111101001111101101110101000000111101101111000000001010101101011111111001100001101100
01101011011000110101001010100001001110101101010111001100111110101111001000110110010111001011010100010111100101111001101110100001100110001101110011010010101011111011011111100011100110001010001010100101011010001101010000101001010101100
00111001101010001110000101110111110001000100111000011001011111001101011010011000000010101110101010100010010111110010010011000000010010111101011101111010101000010101111010010111101001101011011011001101010101011110110010001111000100010
00000111110111000101000000101111011001011000001110001101000101000000110001010110001001111111010010101001000011000110011100111110101001011011100100101101111111011000100011001010111010101111101000000001110000011110111101010001011011011
00001000101101111100001100000110000011110000111111000101010001111010010000011010101000010001111001011101000111001101001011111110100000100010100111010111101110111111101101001001110000100110101001111010100110000110101100010111001111001
01100100001111000100011010011101111010011010010010100111100011101001111101101111100000010000000011011000000001001110111011010001010011011101111110000010000110100110101000000100001000111111010101011111100000011110110111100110111010101
00001010001000110000101011000110101100100111111011110001111001001110101011111001101010100011010001001111100101001110101011010000101110010010110000011110110011011001100111000110101111110010010100110111101000001100000000010010000000110
01101100101010100111011011011010011101101011100000101110101111110100010110101010100010011010111011110100000010011010100100101110110011000111100110111000110101000101000010001000100111110001111110010011000000110010110110110000011110001
00010001101110110001111100100010110100010001111011111100010100001011000100100010101111100010000010101100110000100001001010011000001010001001011100001101000011110010100110011001111010100001000100000010111110111011111000001001100110100
01010101010111111111110001010011010010000000101110010010010110010101000100010010110101101100110111001010010111101000111001011011111111100110001100011100101110010000110110111101000010001001011001110111001110111111100101010110101110011
01100011100000000110100111010010010000011011011000001000100001001010100000011111000000111110011011111001010100010000111100001111111100000010011101001100010010000100000011111010111011010111100111101001010101111010110001100100000000000
00111111110010100001011010001110011100101011100011011110101101001110011000001111100100100011001100111011011001100001010010101010000010001110010101110000101110100000110010000011010000001001111011110111011010110101100010011110000011101
00111111110000010110100001000010111001001001000011000100100101110010101011010110010010001000110000001001100001110100111110000011110000110011000001000000011110010001000011010100100111000000011111001101100001100100101000101000011011111
01010100001110110001010101011011001011110011110001011001101111011010100011010001000111010101000110001110111110110101000010000000011000100101000001101011101111111100010100011000100101001100111110100000001101111001001111110110111111101
00000101100111110110001101111011001001011100110011110101100001001100101111110001110111001100010101000111100110000111110010111001110000101101110011000010100001101001111111001101001101011111000101101010001000010011000010100010100110000
00011111100101111101011010101010110000111001100110010000000111011101011000010100100000000001111011011101011000011010000101101111101111111000100111000010100001111001000010001001001011110010011000000101010100101011101101001000110001101
01101100110110101111101100100011111111101110000100011101000101110001111010000000100111011001111101000001100011111000010110000101101001010110100010010001111101001101110001001110011011101110100001000011010110000000010101000101001000100
01000110010110100010001111101011111101010100000000001011111100011011000011010011111011101100101001011011000010001111010100100010000101011001010111010011000010010000010000101010101011000011111010011000010110101100111000101111101001010
01011001010101100110001000111101100111001001111111000000001000001011011101111100000001011101011010011011111010010011001010111110000010111110100111000011100001100100101111011001101110011110100011111110101101010111100101110111100100110
01110000011011101111011110110001010101011000010101010111100110011010111010100111011010100000001001001100001011100111001010110101001000001110001110110111010100111110101111001100111100101001111000111010011000110010011101000010000001001
00001000110011010011011101010001100001101100110100111011001110101011100000100101111001010010001011111101101010110010110001011111110000000101100100011110110010000011110111011100000101011100101110001001110010110001010001000101010001011
01001001001001001011111010010010000000110000110101100001011011000110111100111011100111011110110101110100110011010101110101101011000000001011101111111011111010100011101111001100001000000111001000101001001000110101010011001111010111110
01010011101110000101011111101101111010000011110010010001000001100010101000101010000111111101000011000001011100001001010001000100010010010001111100010101010101101101100100000010100011001010011000101001110001101111001000001010111110110
00011010110101110001111101100001001100000100111010000000011110010011100101000111001100100101010111111110000010011101011010000001011111000110111101110011000100111001000100011010001010001011111100101000010110100010010100011001101011000
00010100100010001000001110010101110110000010101100000101010011111011010110100010000001010001001001001011010111100011111000011100110111010110010100010010111100001100101011000001100101011000111111110011000011100110001000100010001011110
00010111001101100110110111101000111000001111111011111101100110011010101011011010111000011111000110000001110110110100000010001110110111011101000011000011000110111110000111011000010110111101101101000001011001000111110110001011001110011
00101010110111110100101111000000010111110001101100110011111000110111011011110001101010011000010101110110011110100111100100011111000110111001000110101000110101111101010001101001001001010100101111100001010111101011110001100110011110101
01000110110101111100001111011100111110101101010011001000100000100000100111110011011111001011111110001111000001011000011010010110110001011110110101001111000001010000000111100111000010101110001001100101001110100111010010011011101000101
01111110000010000000101110100111011111011001110101001110000111011011100111000011111100010001010011000000110000110100100010000001000011010100001111100101010110010110001000010001010100011000011101100111101100101011000101001110010010000
00000110101011000001001100110000101111110000011011111000101000111100100101000000010100010110001111101000001110001010100001011101101110000100101110011110000000001100011001110111001001000101111111110100101000011101010101010001010110011
01101011110011101000101100001111011100001110011101101000000110101000010111011110100101010110001010110110000000000110010011011101001011001110011000101000111010101101110101000101110111100000110111101101111111010010000001000010011010001
01001001001000100100010010101100010100110101010001011001101100101000110100010111010111010100100101001101000110110100110001101101011010000110100000111111010001000010011001100111101011010000010100010011110110011001011100001101101000011
00101001000110100100001101101100011011111000001110011011011100111101011101100110100110011110101101101001100010011001010111101011101000111110111110110010110010101000100000010110011101001000110101011111111001010100111000001001011100110
01001110110010011100111000110100010010000011110100101000010010010001001001000101001101010010010011001111010000110010101101110100111110111001110111111011010001110100101101100000100001000010010111010000011101001000001110011001001110100
01011110001011011110111110001100010100010001000011111101111000110001001111001000110011101011101010101100101010111010111111000101100110010110011000100101111100111010110011101110111000010001100100000101110010111110011011011011100011110
00010100100011010101000100101000111111110101110011100111111101011001010101100110000001000001100111001001100001000010011100100000100101010100100110001010010010001010111111010111011110110111001001110011100001101101001001001001110001101
00011111011010110001100110001001001100101100001001010101010010111010011010011000111010101111110001110111001000011000011000000110011100110010101001000111110000110111100001101111101010010000110010110111111110101101101001100010111010110
01111111100101000100101011000011111001001111100010001101100000101011111010101011011111110001011110001001011100110000000111111100010011111011101111010010110011010111111100100100000000110101101001010000010001010111110000101000001000001
01100101000001100010110101010110110110001101100010111101100110010000101001101001100100110101001010111110011111100001011100010001110101001111011011000011010010000000100110001001001111101100101111111111010011010011100111110111111111110
01101001000001001100111010001010101011001100101010111100100100111001111100110010011001111101010010000010111110110000111100110011010111111001011110001110111011101100010000110010000000000000100001001001111100100111010100010111000101111
00110001001011110111010100110111111100000001010001101101000100101001101111010000010101110101110010101001110000111100101000011001110101001101100111011011101101111110111101001110011011101001001000111001111000000100011001001001000110000
01111110000111000111101010110000100100001000110011110110101010100000000011010110100001100110010110110000101010010001010001001011101101101110111111000110101100001010111111100101110011011111000100101000001010001110001000011100000100011
01001100101110101011110011100010011010011011011010000101010101011000011010000010010110011101011000011101001111001000111111001101110111001011111111110101101001111000101111111001001001111011000100100011101010001101100010111101011000100
00001000011000011011110011011000110101110110010010011110000011101010100110100100110011101101101101110100010010000101001010101000010100101101000010111001101011110100100101110110110100011101010101111101100110000011001111110001001101101
00101101000100101100111111000010001011100111100100010011110010100000011100000000100001000001011011001101010001000011001111010000011101001100000100010000100000001011000111101010000011010110011111101100001001100111011100011010111010010
00100101001000101011101111101111110100111011000001011001001110010110101101110010111000111110001100010101011101110110011011010010011110011101100011001010100111110101111111111111010011011101110111000101010001110000001100011110010000111
01110001100011110010001001111001101001110010010111001100111101001001110011001101110111111110000111111000000001011101010010100110000101010110110000101001010100011010000110011101100111001001010010100100000010101110001101010111000110010
00100011100001100001101110111101111110110110011001011100110110010011100101010011110001000100001111010110011100110110010010111000100101001000011010010011011011101001000000010100011010110000100011000010100001011100110101100001101111101
01100001100111010100100011101011111101011001010011011110001010001010101001110110111100111101100011111011000110101011010001100010101001110110110100101111111101010111001010101101010110010011011001011001011011001001001110010000101100111
00000110011101110011111000000001010110111100111110100100100011111111101001010111001110001000100110011000110110111110010011011110001011001011010000100100001000101000010101011110010110000000111011010001001010100100110100011010011001101
01011110001101101011101110010010101010111111010111101110011110011100010110000110010111111111100000110100001011001010111100101000000000101101110111101100100110110111010001101000010110101100111001101000011000110000110000011110010000011
00100001111101010010000010101101110001101011100111111100100101010100011001001100100111000011011010111000001111110011110100111011110111101100010000100111011100011110111001111100100011001111011000111110000101001011010010000000001110101
00100110110001001001001110100011101101110110100001010011111000101010010110110111001101011010111100110011001011001001111100011011000011101110010110110010101010111010001001100000101000001001111000100110001000000111100010011000110011101
01011101110011000000000001011001000000011111000001101101010000100000110110111111101011100010110101111111011110011001101101110010101100100101010000000111001011010110000001011011110110101010011111101011101111010011000110010111110111111
01101000101000011111001001110000011011100111111010010111100111100001100001000110001011110111001000011001011101101100110010001100001001010110001010000001100110111111011101111011011011101010101110011111101001101001000000010101111101100
01010101001111011111010000011110010000010100110010111111100000000110101011100110001001000111010000110001001011110001001110011111011000111011011100001100110001101100001101010101100010010101001110111111011110100010010100011001100011101
01110101011011001011001001011110111010100100110011011110110010000101010001110011111001111011111101011000001011110110001101010001010101010100101011001111011111100101111100111011001100110010101101110110001100100111001111100101110100111
00001100011110110111101111110001100011101010010011101100111101110011001000000111111011111111101100001010001100011011100000001010010010000000000010011011101010011111110011011100001110000100010010000011101110011001110110110000100010111
01011110100110010000001110110010110001010011101011010101101100010000111111010111001110100100011000011101001000001101100010011001101001000000101111011010111001110100100101011011110010000000101111101000111011011000111111101010100110000
01011100010001000001010111000101101010001010000000101100000001111101111011111101000001010100101011111010111100110101100110111101000011110110111010010111101011101100100000010101010010100001010000010001111111001110101010001011001000101
01010001101101010010010010000000001100110101110101011000010001100101011110100111000011101010101000010011101100001100100111110010100000111110110110000001000101111010011001011101011001101010010101000011111101000110010101100000111011110
01100011111110000001110001101000101010110000010110010000110011111111100101010000111011010100001000011101100000011111000111011000010010001010001011111001010001001110101100001110100001110101010000011101110110011101110000000011000000100
01000011101111000000111111011011011011000100101100010001110111010111111100100010001100111100011000001101111011111000111101100111010110001011000101111011000010011101011010011010001011010001111000110101000011100100100000111100011110011
01111101001111111001001001011001010011100000111110010111101011011010010011110001111000100111111000110101010010101111000110000011011100101010100101110110000110000010011110111101100100000010110010010011011010011010111101101000100011110
00111010111100001111000101010101011100100110001010011010101111101111100010101101010001100011111100000011000100001000010000100000000100010110101001110000100000011111011011101101110010000110110001001111000110010000010110000111010011011
00100000011111110101010101010100001001001001101010101110011111001001111111010001111100110110111101111000000100000100010000010011101010000101100001011111111111101110100000111010000011000110110100111000110010010110100110111100011100001
00010100101100100110000010101101110000101011011111111110100010101000000001011101111110110000110011110010000010001101100101110011101010110000011001011111000000110011000000001110100011101000001101010100001100111010100110100100010010000
01100110111001111101000010000000000011001110110011001011011101000010000100100010100110110000110010001011001001001101011011101001000000011101010010010010110001111011001011100100110110001111001111011110011110001001011110110010000111100
00100100001001111100100101001110101000101101100100111011110010110100010001101100101110011010111001011111110011000100100110110010001000011101000010111100000110110010010000010111011110111100100100110100001001111100111000010111111111010
01011100011010101100001001110010111011101010110101100011101100010000111100010001000001000100111100011101101010111100010010011101100100100011001101111001110001000010010110000011101111001110000010101111111111101010100100110000001110110
01011110011000110011001100010001001001110000111110000100011100001001110011110110000111001101010011111000000101000011000101110010001101100000101101011011001011101111001010000001110010101111010000111111011000110101000101001010110100011
00101001101110100001111010110001010100110111111010111011111110011010011111001110000001111111010110000011011110101110110100010110010111000010110001100101010010110011100110100001100011110001111100110100011010111100100101010010011011111
00001100110001011001100000001001001011111110111011011111000101111011010100100101111101101111001110110011000100111111111010001001001111101100000010011001101101111010100001101011011001100000001001111010110101101111000100011011000011001
01000111100100101110000011100111101111100011100010011101111000111111100100111010001001010010001010101111110011101101010010010101001101010001101101111100101100010110010011100000011111010110101110000011101111110001110100011101011010111
00001111001011101100010000110011111011010100110010100001101110101010011100110011100110101000000010000111110001101100110010010001001001000101100100011011001010011101010011011111111000010101010000010110100011001111101111011111111100011
00111011001010110100100101110100100111000010010000001110010011101011000001110001100011111111100000011111111100010001101111010101001111001010111011000001100110110111111011101011000001000101010111101100001110100101000101101101100000010
00000010100111100011011010110101100010010110101001010000111010001100110111010001001010001001000100011100011110010001011001101001000111110110011100001110000100101110100101001100001000000101111101001000010001011011001011001010111000110
00100100100010011101110000011011110010000110110100110010100101100000010010001011011010000100111110111000010000100100111110111101000010010000011100111000001001111111100101110111010011111100010110110100010011101110110111011110111101011
00000001000010000010000001001110100111001011001011000100111001111000110001100000100011101000101110101110111011000101000001010101101110000111001001101100001111110110100001001011010100101011111011000101011111101010000001011001011100100
00101011010110100001100001100011010110101111100011110011001000011010111010110110010011110011100101001101000001100100011001101001010111101001000101110110000111001110101110011010101100100000110011011000011010000100100111110001000110011
01111111100000110000111010001100101100000101011010001010100111111011001001001101111101100011010010001001000011010000111000100111101101001100011000010000110011011010100001101110011100010110011001101110100111110000110000000100011100100
01100000101111001100001011000101000100010011111011000111110110000011100010100011001011010000100001011001111010011111000010000011101010000111010011000110110000010110110010000100011010010010111011110001000011101100111101011101111100000
00011111100000111110111010111011110100011000000110001001100101011110101011111101001110101100000110111101000110110111101110001000010011001001010101010100010000010001101011101111101000110100001100001101111101111000011011010011011011100
00101001011101110100110010110101000101100110100100110100101011101011100100000010100011101000001010100100000011110111101101011111110011010111001100110001111110111010000010000010010010011100001000011011100100101110110100110010011001011
00100100000010110011000111001011000001100011011011100110000110110110011111100100011100100010011110000110010101001100110100001110110000011001110101110001001101101110011001101000010111000001001000011110111001111110110010011111101001111
01010110000010111001001011111000110110100001111111110000100010010110111100110001010000110011101110101001110100000101000100111110110010100100000011100111101101011001001000110011110111111111110001000000101010000000100010001111100111001
01101100011011000100010110001000000100101011010101000100011011000010110010011101000101011011110011011100111111000110100000101011010110010010001010001111111011000111111001001100011000010111110000000011001001010010101001001111011100010
01110010001000101011001010001000000100100001001000101110100101101100011011100110011101111010111101011010100001110111100001101111001011000101000111111110100111010001001001011101110110001001110010000101011010100110001110110010011100100
00010111111010011101101110110110111101111001010001101010010110000100011000101011111010101101000000011110001111110011011101000011110010100010011000000010010011000000110111010001101010011110000010011111110011111011011100100011001110010
01001111011011001010111110110001100110000100000101101000111100000000110001010111110000011000011100010001001000010010110011110001111011100001001111001000000011010010011010000111100100010011100000010111000111001101100001011100000001001
00001110011111001101100100110000100011011011110001100100100011111001100110111101000011010000011100110001010110111011001110011000001111000000110010101101100000101011100100000000111110111011100011110001010001111101100110111011101101101
00011001101110110101011000111011110100111001110111001101000101000000010011001010010011011000000100111010001110011101101111001011111001111111101111111010110001101101101100100111001010011011111000000101001111010111100000111101010100100
01111010011001110101000110110100110100100001000101001100010100010011110101111101101111111101000110001011010101110001101101101011011111100110111010000100000010001010101110111001110000010000001110111011111001110011110101001011100100000
00000100100100111100000110111000010111001011001011010110000110000000110111111010001010101011110100110110010111110100001110100011100101111100111101110110110101101010001100001011111110011000011101010011111111110101111001011010100010000
01110101111101110101111010010100000110000100111001011011110111101001011000000101110010110100000100110100110111011001110000101001111011010000100001110110000101001010000010010000010011100111100000101100101111111001100100010111100000001
01011110000101111110101010010110001000000110101101110011000010110111110000011001000000101011011001110010001001100101001000000001100011100101110001011010101110100001011001000111011010011000010011001000001100000000100111010000001100001
01011100111000110100101000111011100100110011010011100101001100001100010110110100000000111000000100001101101011100110001011000101101101101101000010001100111100011010101101110000000110000110100101111000111110110000001000111101101111110
00110101111010111001011101010111010100000110111010110011011001001101000101101100010000010100110101011100100110101001000001010110001001101001111000111101100000101010110001001001111010010011110000100101111001011100000111010111000110101
01010110001111111010001100101011110111101100001111001001101011100101101001011100101001001100000011100010011000010101111110010010000100100101001100101100000101010101001001000111100111001111100001101110001001011100001011100000110110010
00000001110010100100101001010100010110100110000101011100011101010011001010101101110001101100111100010110001111010011001110100101001011111001001001110001110000001000100101001001111011001111110011110001010110011011011000100010011100110
00011011100010101111000111101001111100011001100010101011110100100010011010010001100110001010011011001011001001101110011010011111111000010111101000001001111111111111010001110000100110100100010001101100010100111001110110001010011100011
00010100000111111011000111010101100011100111010100101010110101001011110011101111101000100001010111101101101111100111100101100001011001100011110010110101010111011111000100110001111000110110111001111110010100011000101111000011010101111
00111101010011000010100001001100011110101110111000100000001110000000111001000110111100011101011111001111000000001001111101011101011010110111001110010100101011110101011001000101001111011100010000111000000111001100100100001011111011001
01100001000111000111000110111101010011000110100010100000011010001011011100010011011010000010010010000011011101100000011101101100011111001100100111001000000001111010010110011010010101101110111010000100010101101111100010111110010001000
01001111111111101001011001010010111011111011001101010011011001011110011000010000000010100010110110101110000101000011011000101001010110011010000010110000000100100000110000110001101111100010100001110001101010101110111000010010011111111
00000001011101000100011011001111011011011101110111100000110100111000101000001101010011001000111110000000000010100001100011001000101100010011010100001001011010000000010110011111101101010111101011100010011110010011100011000111110111011
00101111100111110011111011110001100101000000011000010011001010111001000001101100000000101010101001100000010011110010111010110100010010110101101011001010001111001001100100011000110010010110100110001001110010011010010111101010010010101
01100010111011101101111001010110000100011101101110100111000001110111011001101011010110000011101111000001111100110111001111011011011101100000011010100100111111100000111011101000000001110101111000000101011101110111111001110101000011111
01101101010110011011011000110111011010001101101100110100111101101110000101111000111000000001110110101011111011011010100000010001100000000001101100111111010001000010111011110011000011000100011001000001111010001001001000000000000110100
01110011110100111101000000111001011101000100101111111000100001001001101011000000000110100010010001001111000111011100100100111111100001000111011001010010111000011000011001001011100010101101100110111101011110011110100110101000111111000
00100010101010001010101001001000001111000101001000000100000011111000000001000010011000010111000110100001111100010011001010011001111001101011000110100010000011000011000111010010010110000100100110111001001011111001101111001110011001101
01100001111101100010011011100010100101001011111100100001000111110110100000011101101100010100001000101111001111111010001000001010110010000100111000001000101000011000011011111111001000011000101001110101001011000000010110100110011000011
00010111101110111010100110001101011111111101000011000111100111110101011001111100110010110010011111001100010101010111111111101110010101101010101011010100111001110101010101100101000001101010000111100011111001001011110101101010111001101
01101010001001011001111000110000100001001001111001001100000011010000101111010001110100000011111010001011010011110000010111111010110100010011001010011010111010010110010101100010100100100001110110111011011111100110010101000010110011000
01010011000001011110000101011011100100001101001011001100000111000101010010011111100011101101100101000111100111001110010011111011110011101101001110000110100001001100110011011010001101000010001101101111110101011111001111010000001101100
01010010000110000000010001101101010100001001110001001101101100000011010101010110011011010111110000010010011111011001011010001111000001011011110111011001000001110000011101000010111101001001101111001000001111100111000100101010100000011
