#seed: 128
000010000000100000001000000010000000
000110000001100000011000000110000001
001010000010100000101000001010000010
001110000011100000111000001110000011
010010000100100001001000010010000100
010110000101100001011000010110000101
011010000110100001101000011010000110
011110000111100001111000011110000111
100010001000100010001000100010001000
100110001001100010011000100110001001
101010001010100010101000101010001010
101110001011100010111000101110001011
110010001100100011001000110010001100
110110001101100011011000110110001101
111010001110100011101000111010001110
111110001111100011111000111110001111
000010010000100100001001000010010000
000110010001100100011001000110010001
001010010010100100101001001010010010
001110010011100100111001001110010011
010010010100100101001001010010010100
010110010101100101011001010110010101
011010010110100101101001011010010110
011110010111100101111001011110010111
100010011000100110001001100010011000
100110011001100110011001100110011001
101010011010100110101001101010011010
101110011011100110111001101110011011
110010011100100111001001110010011100
110110011101100111011001110110011101
111010011110100111101001111010011110
111110011111100111111001111110011111
000010100000101000001010000010100000
000110100001101000011010000110100001
001010100010101000101010001010100010
001110100011101000111010001110100011
010010100100101001001010010010100100
010110100101101001011010010110100101
011010100110101001101010011010100110
011110100111101001111010011110100111
100010101000101010001010100010101000
100110101001101010011010100110101001
101010101010101010101010101010101010
101110101011101010111010101110101011
110010101100101011001010110010101100
110110101101101011011010110110101101
111010101110101011101010111010101110
111110101111101011111010111110101111
000010110000101100001011000010110000
000110110001101100011011000110110001
001010110010101100101011001010110010
001110110011101100111011001110110011
010010110100101101001011010010110100
010110110101101101011011010110110101
011010110110101101101011011010110110
011110110111101101111011011110110111
100010111000101110001011100010111000
100110111001101110011011100110111001
101010111010101110101011101010111010
101110111011101110111011101110111011
110010111100101111001011110010111100
110110111101101111011011110110111101
111010111110101111101011111010111110
111110111111101111111011111110111111
000011000000110000001100000011000000
000111000001110000011100000111000001
001011000010110000101100001011000010
001111000011110000111100001111000011
010011000100110001001100010011000100
010111000101110001011100010111000101
011011000110110001101100011011000110
011111000111110001111100011111000111
100011001000110010001100100011001000
100111001001110010011100100111001001
101011001010110010101100101011001010
101111001011110010111100101111001011
110011001100110011001100110011001100
110111001101110011011100110111001101
111011001110110011101100111011001110
111111001111110011111100111111001111
000011010000110100001101000011010000
000111010001110100011101000111010001
001011010010110100101101001011010010
001111010011110100111101001111010011
010011010100110101001101010011010100
010111010101110101011101010111010101
011011010110110101101101011011010110
011111010111110101111101011111010111
100011011000110110001101100011011000
100111011001110110011101100111011001
101011011010110110101101101011011010
101111011011110110111101101111011011
110011011100110111001101110011011100
110111011101110111011101110111011101
111011011110110111101101111011011110
111111011111110111111101111111011111
000011100000111000001110000011100000
000111100001111000011110000111100001
001011100010111000101110001011100010
001111100011111000111110001111100011
010011100100111001001110010011100100
010111100101111001011110010111100101
011011100110111001101110011011100110
011111100111111001111110011111100111
100011101000111010001110100011101000
100111101001111010011110100111101001
101011101010111010101110101011101010
101111101011111010111110101111101011
110011101100111011001110110011101100
110111101101111011011110110111101101
111011101110111011101110111011101110
111111101111111011111110111111101111
000011110000111100001111000011110000
000111110001111100011111000111110001
001011110010111100101111001011110010
001111110011111100111111001111110011
010011110100111101001111010011110100
010111110101111101011111010111110101
011011110110111101101111011011110110
011111110111111101111111011111110111
100011111000111110001111100011111000
100111111001111110011111100111111001
101011111010111110101111101011111010
101111111011111110111111101111111011
110011111100111111001111110011111100
110111111101111111011111110111111101
111011111110111111101111111011111110
111111111111111111111111111111111111
100000000100000000100000000100000000
100000001100000001100000001100000001
100000010100000010100000010100000010
100000011100000011100000011100000011
100000100100000100100000100100000100
100000101100000101100000101100000101
100000110100000110100000110100000110
100000111100000111100000111100000111
100001000100001000100001000100001000
100001001100001001100001001100001001
100001010100001010100001010100001010
100001011100001011100001011100001011
100001100100001100100001100100001100
100001101100001101100001101100001101
100001110100001110100001110100001110
100001111100001111100001111100001111
100010000100010000100010000100010000
100010001100010001100010001100010001
100010010100010010100010010100010010
100010011100010011100010011100010011
100010100100010100100010100100010100
100010101100010101100010101100010101
100010110100010110100010110100010110
100010111100010111100010111100010111
100011000100011000100011000100011000
100011001100011001100011001100011001
100011010100011010100011010100011010
100011011100011011100011011100011011
100011100100011100100011100100011100
100011101100011101100011101100011101
100011110100011110100011110100011110
100011111100011111100011111100011111
100100000100100000100100000100100000
100100001100100001100100001100100001
100100010100100010100100010100100010
100100011100100011100100011100100011
100100100100100100100100100100100100
100100101100100101100100101100100101
100100110100100110100100110100100110
100100111100100111100100111100100111
100101000100101000100101000100101000
100101001100101001100101001100101001
100101010100101010100101010100101010
100101011100101011100101011100101011
100101100100101100100101100100101100
100101101100101101100101101100101101
100101110100101110100101110100101110
100101111100101111100101111100101111
100110000100110000100110000100110000
100110001100110001100110001100110001
100110010100110010100110010100110010
100110011100110011100110011100110011
100110100100110100100110100100110100
100110101100110101100110101100110101
100110110100110110100110110100110110
100110111100110111100110111100110111
100111000100111000100111000100111000
100111001100111001100111001100111001
100111010100111010100111010100111010
100111011100111011100111011100111011
100111100100111100100111100100111100
100111101100111101100111101100111101
100111110100111110100111110100111110
100111111100111111100111111100111111
101000000101000000101000000101000000
101000001101000001101000001101000001
101000010101000010101000010101000010
101000011101000011101000011101000011
101000100101000100101000100101000100
101000101101000101101000101101000101
101000110101000110101000110101000110
101000111101000111101000111101000111
101001000101001000101001000101001000
101001001101001001101001001101001001
101001010101001010101001010101001010
101001011101001011101001011101001011
101001100101001100101001100101001100
101001101101001101101001101101001101
101001110101001110101001110101001110
101001111101001111101001111101001111
101010000101010000101010000101010000
101010001101010001101010001101010001
101010010101010010101010010101010010
101010011101010011101010011101010011
101010100101010100101010100101010100
101010101101010101101010101101010101
101010110101010110101010110101010110
101010111101010111101010111101010111
101011000101011000101011000101011000
101011001101011001101011001101011001
101011010101011010101011010101011010
101011011101011011101011011101011011
101011100101011100101011100101011100
101011101101011101101011101101011101
101011110101011110101011110101011110
101011111101011111101011111101011111
101100000101100000101100000101100000
101100001101100001101100001101100001
101100010101100010101100010101100010
101100011101100011101100011101100011
101100100101100100101100100101100100
101100101101100101101100101101100101
101100110101100110101100110101100110
101100111101100111101100111101100111
101101000101101000101101000101101000
101101001101101001101101001101101001
101101010101101010101101010101101010
101101011101101011101101011101101011
101101100101101100101101100101101100
101101101101101101101101101101101101
101101110101101110101101110101101110
101101111101101111101101111101101111
101110000101110000101110000101110000
101110001101110001101110001101110001
101110010101110010101110010101110010
101110011101110011101110011101110011
101110100101110100101110100101110100
101110101101110101101110101101110101
101110110101110110101110110101110110
101110111101110111101110111101110111
101111000101111000101111000101111000
101111001101111001101111001101111001
101111010101111010101111010101111010
101111011101111011101111011101111011
101111100101111100101111100101111100
101111101101111101101111101101111101
101111110101111110101111110101111110
