#seed: 128
010010000011100000101000000110000000
010110000100100000111000001010000001
011010000101100001001000001110000010
011110000110100001011000010010000011
100010000111100001101000010110000100
100110001000100001111000011010000101
101010001001100010001000011110000110
101110001010100010011000100010000111
110010001011100010101000100110001000
110110001100100010111000101010001001
111010001101100011001000101110001010
111110001110100011011000110010001011
000010001111100011101000110110001100
000110010000100011111000111010001101
001010010001100100001000111110001110
001110010010100100011001000010001111
010010010011100100101001000110010000
010110010100100100111001001010010001
011010010101100101001001001110010010
011110010110100101011001010010010011
100010010111100101101001010110010100
100110011000100101111001011010010101
101010011001100110001001011110010110
101110011010100110011001100010010111
110010011011100110101001100110011000
110110011100100110111001101010011001
111010011101100111001001101110011010
111110011110100111011001110010011011
000010011111100111101001110110011100
000110100000100111111001111010011101
001010100001101000001001111110011110
001110100010101000011010000010011111
010010100011101000101010000110100000
010110100100101000111010001010100001
011010100101101001001010001110100010
011110100110101001011010010010100011
100010100111101001101010010110100100
100110101000101001111010011010100101
101010101001101010001010011110100110
101110101010101010011010100010100111
110010101011101010101010100110101000
110110101100101010111010101010101001
111010101101101011001010101110101010
111110101110101011011010110010101011
000010101111101011101010110110101100
000110110000101011111010111010101101
001010110001101100001010111110101110
001110110010101100011011000010101111
010010110011101100101011000110110000
010110110100101100111011001010110001
011010110101101101001011001110110010
011110110110101101011011010010110011
100010110111101101101011010110110100
100110111000101101111011011010110101
101010111001101110001011011110110110
101110111010101110011011100010110111
110010111011101110101011100110111000
110110111100101110111011101010111001
111010111101101111001011101110111010
111110111110101111011011110010111011
000010111111101111101011110110111100
000111000000101111111011111010111101
001011000001110000001011111110111110
001111000010110000011100000010111111
010011000011110000101100000111000000
010111000100110000111100001011000001
011011000101110001001100001111000010
011111000110110001011100010011000011
100011000111110001101100010111000100
100111001000110001111100011011000101
101011001001110010001100011111000110
101111001010110010011100100011000111
110011001011110010101100100111001000
110111001100110010111100101011001001
111011001101110011001100101111001010
111111001110110011011100110011001011
000011001111110011101100110111001100
000111010000110011111100111011001101
001011010001110100001100111111001110
001111010010110100011101000011001111
010011010011110100101101000111010000
010111010100110100111101001011010001
011011010101110101001101001111010010
011111010110110101011101010011010011
100011010111110101101101010111010100
100111011000110101111101011011010101
101011011001110110001101011111010110
101111011010110110011101100011010111
110011011011110110101101100111011000
110111011100110110111101101011011001
111011011101110111001101101111011010
111111011110110111011101110011011011
000011011111110111101101110111011100
000111100000110111111101111011011101
001011100001111000001101111111011110
001111100010111000011110000011011111
010011100011111000101110000111100000
010111100100111000111110001011100001
011011100101111001001110001111100010
011111100110111001011110010011100011
100011100111111001101110010111100100
100111101000111001111110011011100101
101011101001111010001110011111100110
101111101010111010011110100011100111
110011101011111010101110100111101000
110111101100111010111110101011101001
111011101101111011001110101111101010
111111101110111011011110110011101011
000011101111111011101110110111101100
000111110000111011111110111011101101
001011110001111100001110111111101110
001111110010111100011111000011101111
010011110011111100101111000111110000
010111110100111100111111001011110001
011011110101111101001111001111110010
011111110110111101011111010011110011
100011110111111101101111010111110100
100111111000111101111111011011110101
101011111001111110001111011111110110
101111111010111110011111100011110111
110011111011111110101111100111111000
110111111100111110111111101011111001
111011111101111111001111101111111010
111111111110111111011111110011111011
000011111111111111101111110111111100
001100000000111111111111111011111101
101000000011000000001111111111111110
110000001010000000110000000011111111
100000011100000010100000001100000000
100000100100000011100000010100000001
100000101100000100100000011100000010
100000110100000101100000100100000011
100000111100000110100000101100000100
100001000100000111100000110100000101
100001001100001000100000111100000110
100001010100001001100001000100000111
100001011100001010100001001100001000
100001100100001011100001010100001001
100001101100001100100001011100001010
100001110100001101100001100100001011
100001111100001110100001101100001100
100010000100001111100001110100001101
100010001100010000100001111100001110
100010010100010001100010000100001111
100010011100010010100010001100010000
100010100100010011100010010100010001
100010101100010100100010011100010010
100010110100010101100010100100010011
100010111100010110100010101100010100
100011000100010111100010110100010101
100011001100011000100010111100010110
100011010100011001100011000100010111
100011011100011010100011001100011000
100011100100011011100011010100011001
100011101100011100100011011100011010
100011110100011101100011100100011011
100011111100011110100011101100011100
100100000100011111100011110100011101
100100001100100000100011111100011110
100100010100100001100100000100011111
100100011100100010100100001100100000
100100100100100011100100010100100001
100100101100100100100100011100100010
100100110100100101100100100100100011
100100111100100110100100101100100100
100101000100100111100100110100100101
100101001100101000100100111100100110
100101010100101001100101000100100111
100101011100101010100101001100101000
100101100100101011100101010100101001
100101101100101100100101011100101010
100101110100101101100101100100101011
100101111100101110100101101100101100
100110000100101111100101110100101101
100110001100110000100101111100101110
100110010100110001100110000100101111
100110011100110010100110001100110000
100110100100110011100110010100110001
100110101100110100100110011100110010
100110110100110101100110100100110011
100110111100110110100110101100110100
100111000100110111100110110100110101
100111001100111000100110111100110110
100111010100111001100111000100110111
100111011100111010100111001100111000
100111100100111011100111010100111001
100111101100111100100111011100111010
100111110100111101100111100100111011
100111111100111110100111101100111100
101000000100111111100111110100111101
101000001101000000100111111100111110
101000010101000001101000000100111111
101000011101000010101000001101000000
101000100101000011101000010101000001
101000101101000100101000011101000010
101000110101000101101000100101000011
101000111101000110101000101101000100
101001000101000111101000110101000101
101001001101001000101000111101000110
101001010101001001101001000101000111
101001011101001010101001001101001000
101001100101001011101001010101001001
101001101101001100101001011101001010
101001110101001101101001100101001011
101001111101001110101001101101001100
101010000101001111101001110101001101
101010001101010000101001111101001110
101010010101010001101010000101001111
101010011101010010101010001101010000
101010100101010011101010010101010001
101010101101010100101010011101010010
101010110101010101101010100101010011
101010111101010110101010101101010100
101011000101010111101010110101010101
101011001101011000101010111101010110
101011010101011001101011000101010111
101011011101011010101011001101011000
101011100101011011101011010101011001
101011101101011100101011011101011010
101011110101011101101011100101011011
101011111101011110101011101101011100
101100000101011111101011110101011101
101100001101100000101011111101011110
101100010101100001101100000101011111
101100011101100010101100001101100000
101100100101100011101100010101100001
101100101101100100101100011101100010
101100110101100101101100100101100011
101100111101100110101100101101100100
101101000101100111101100110101100101
101101001101101000101100111101100110
101101010101101001101101000101100111
101101011101101010101101001101101000
101101100101101011101101010101101001
101101101101101100101101011101101010
101101110101101101101101100101101011
101101111101101110101101101101101100
101110000101101111101101110101101101
101110001101110000101101111101101110
101110010101110001101110000101101111
101110011101110010101110001101110000
101110100101110011101110010101110001
101110101101110100101110011101110010
101110110101110101101110100101110011
101110111101110110101110101101110100
101111000101110111101110110101110101
101111001101111000101110111101110110
101111010101111001101111000101110111
101111011101111010101111001101111000
101111100101111011101111010101111001
101111101101111100101111011101111010
101111110101111101101111100101111011
101111111101111110101111101101111100
110000000101111111101111110101111101
110000001110000000101111111101111110
