#seed: 1
000100000001000000010000000100000001
001000000010000000100000001000000010
010000000100000001000000010000000100
100000001000000010000000100000001000
000000010000000100000001000000010000
000000100000001000000010000000100000
000001000000010000000100000001000000
000010000000100000001000000010000000
110100011101000111010001110100011101
101000111010001110100011101000111010
010001110100011101000111010001110100
100011101000111010001110100011101000
110111001101110011011100110111001101
011110000111100001111000011110000111
001100010011000100110001001100010011
011000100110001001100010011000100110
110001001100010011000100110001001100
100010011000100110001001100010011000
110100101101001011010010110100101101
101001011010010110100101101001011010
010010110100101101001011010010110100
010101110101011101010111010101110101
101011101010111010101110101011101010
100111001001110010011100100111001001
111110001111100011111000111110001111
001100000011000000110000001100000011
011000000110000001100000011000000110
110000001100000011000000110000001100
100000011000000110000001100000011000
000000110000001100000011000000110000
000001100000011000000110000001100000
000011000000110000001100000011000000
110110011101100111011001110110011101
011100100111001001110010011100100111
111001001110010011100100111001001110
110010011100100111001001110010011100
010100100101001001010010010100100101
101001001010010010100100101001001010
010010010100100101001001010010010100
010100110101001101010011010100110101
101001101010011010100110101001101010
010011010100110101001101010011010100
010110110101101101011011010110110101
011101110111011101110111011101110111
111011101110111011101110111011101110
000111000001110000011100000111000001
111110011111100111111001111110011111
001100100011001000110010001100100011
011001000110010001100100011001000110
110010001100100011001000110010001100
010100000101000001010000010100000101
101000001010000010100000101000001010
010000010100000101000001010000010100
100000101000001010000010100000101000
000001010000010100000101000001010000
000010100000101000001010000010100000
110101011101010111010101110101011101
101010111010101110101011101010111010
100101101001011010010110100101101001
001011010010110100101101001011010010
100110111001101110011011100110111001
111101101111011011110110111101101111
111011011110110111101101111011011110
000110100001101000011010000110100001
111101011111010111110101111101011111
111010111110101111101011111010111110
000101100001011000010110000101100001
001011000010110000101100001011000010
100110011001100110011001100110011001
111100101111001011110010111100101111
111001011110010111100101111001011110
110010111100101111001011110010111100
010101100101011001010110010101100101
101011001010110010101100101011001010
100110001001100010011000100110001001
111100001111000011110000111100001111
111000011110000111100001111000011110
110000111100001111000011110000111100
100001111000011110000111100001111000
000011110000111100001111000011110000
110111111101111111011111110111111101
011111100111111001111110011111100111
001111010011110100111101001111010011
101110111011101110111011101110111011
101101101011011010110110101101101011
011011010110110101101101011011010110
000110110001101100011011000110110001
111101111111011111110111111101111111
111011111110111111101111111011111110
000111100001111000011110000111100001
111111011111110111111101111111011111
001110100011101000111010001110100011
101101011011010110110101101101011011
011010110110101101101011011010110110
000101110001011100010111000101110001
001011100010111000101110001011100010
100111011001110110011101100111011001
111110101111101011111010111110101111
001101000011010000110100001101000011
011010000110100001101000011010000110
000100010001000100010001000100010001
001000100010001000100010001000100010
010001000100010001000100010001000100
100010001000100010001000100010001000
110100001101000011010000110100001101
101000011010000110100001101000011010
010000110100001101000011010000110100
100001101000011010000110100001101000
000011010000110100001101000011010000
110110111101101111011011110110111101
011101100111011001110110011101100111
111011001110110011101100111011001110
000110000001100000011000000110000001
111100011111000111110001111100011111
111000111110001111100011111000111110
110001111100011111000111110001111100
100011111000111110001111100011111000
110111101101111011011110110111101101
011111000111110001111100011111000111
001110010011100100111001001110010011
101100111011001110110011101100111011
011001110110011101100111011001110110
110011101100111011001110110011101100
010111000101110001011100010111000101
011110010111100101111001011110010111
001100110011001100110011001100110011
011001100110011001100110011001100110
110011001100110011001100110011001100
010110000101100001011000010110000101
011100010111000101110001011100010111
111000101110001011100010111000101110
110001011100010111000101110001011100
100010111000101110001011100010111000
110101101101011011010110110101101101
101011011010110110101101101011011010
100110101001101010011010100110101001
111101001111010011110100111101001111
111010011110100111101001111010011110
000100100001001000010010000100100001
001001000010010000100100001001000010
010010000100100001001000010010000100
010100010101000101010001010100010101
101000101010001010100010101000101010
010001010100010101000101010001010100
100010101000101010001010100010101000
110101001101010011010100110101001101
101010011010100110101001101010011010
100100101001001010010010100100101001
001001010010010100100101001001010010
010010100100101001001010010010100100
010101010101010101010101010101010101
101010101010101010101010101010101010
100101001001010010010100100101001001
001010010010100100101001001010010010
100100111001001110010011100100111001
001001110010011100100111001001110010
010011100100111001001110010011100100
010111010101110101011101010111010101
011110110111101101111011011110110111
001101110011011100110111001101110011
011011100110111001101110011011100110
000111010001110100011101000111010001
111110111111101111111011111110111111
001101100011011000110110001101100011
011011000110110001101100011011000110
000110010001100100011001000110010001
111100111111001111110011111100111111
111001111110011111100111111001111110
110011111100111111001111110011111100
010111100101111001011110010111100101
011111010111110101111101011111010111
001110110011101100111011001110110011
101101111011011110110111101101111011
011011110110111101101111011011110110
000111110001111100011111000111110001
111111111111111111111111111111111111
001111100011111000111110001111100011
101111011011110110111101101111011011
101110101011101010111010101110101011
101101001011010010110100101101001011
011010010110100101101001011010010110
000100110001001100010011000100110001
001001100010011000100110001001100010
010011000100110001001100010011000100
010110010101100101011001010110010101
011100110111001101110011011100110111
111001101110011011100110111001101110
110011011100110111001101110011011100
010110100101101001011010010110100101
011101010111010101110101011101010111
111010101110101011101010111010101110
000101000001010000010100000101000001
001010000010100000101000001010000010
100100011001000110010001100100011001
001000110010001100100011001000110010
010001100100011001000110010001100100
100011001000110010001100100011001000
110110001101100011011000110110001101
011100000111000001110000011100000111
111000001110000011100000111000001110
110000011100000111000001110000011100
100000111000001110000011100000111000
000001110000011100000111000001110000
000011100000111000001110000011100000
110111011101110111011101110111011101
011110100111101001111010011110100111
001101010011010100110101001101010011
011010100110101001101010011010100110
000101010001010100010101000101010001
001010100010101000101010001010100010
100101011001010110010101100101011001
001010110010101100101011001010110010
100101111001011110010111100101111001
001011110010111100101111001011110010
100111111001111110011111100111111001
111111101111111011111110111111101111
001111000011110000111100001111000011
101110011011100110111001101110011011
101100101011001010110010101100101011
011001010110010101100101011001010110
110010101100101011001010110010101100
010101000101010001010100010101000101
101010001010100010101000101010001010
100100001001000010010000100100001001
001000010010000100100001001000010010
010000100100001001000010010000100100
100001001000010010000100100001001000
000010010000100100001001000010010000
110100111101001111010011110100111101
101001111010011110100111101001111010
010011110100111101001111010011110100
010111110101111101011111010111110101
011111110111111101111111011111110111
001111110011111100111111001111110011
101111111011111110111111101111111011
101111101011111010111110101111101011
101111001011110010111100101111001011
101110001011100010111000101110001011
101100001011000010110000101100001011
011000010110000101100001011000010110
110000101100001011000010110000101100
100001011000010110000101100001011000
000010110000101100001011000010110000
110101111101011111010111110101111101
101011111010111110101111101011111010
100111101001111010011110100111101001
111111001111110011111100111111001111
001110000011100000111000001110000011
101100011011000110110001101100011011
011000110110001101100011011000110110
110001101100011011000110110001101100
100011011000110110001101100011011000
110110101101101011011010110110101101
011101000111010001110100011101000111
111010001110100011101000111010001110
