#seed: 3
00010100000010100000010100000010110001100010001100010001110011111110000011110111001110111101101011101010001101010001101011001010001001010001001011001110001001110001001111001110111000000011000000011000000011000000011000000011000000011
00101000000101000000101000000101000000101100011000100011000100011100111111100000111101110011101111011010111010100011010100011010110010100010010100010010110011100010011100010011110011101110000000110000000110000000110000000110000000110
11010000001010000001010000001010000001010000001011000110001000110001000111001111111000001111011100111011110110101110101000110101000110101100101000100101000100101100111000100111000100111100111011100000001100000001100000001100000001100
00101110110100000010100000010100000010100000010100000010110001100010001100010001110011111110000011110111001110111101101011101010001101010001101011001010001001010001001011001110001001110001001111001110111000000011000000011000000011000
11011101001011101101000000101000000101000000101000000101000000101100011000100011000100011100111111100000111101110011101111011010111010100011010100011010110010100010010100010010110011100010011100010011110011101110000000110000000110000
00110100110111010010111011010000001010000001010000001010000001010000001011000110001000110001000111001111111000001111011100111011110110101110101000110101000110101100101000100101000100101100111000100111000100111100111011100000001100000
11101001001101001101110100101110110100000010100000010100000010100000010100000010110001100010001100010001110011111110000011110111001110111101101011101010001101010001101011001010001001010001001011001110001001110001001111001110111000000
11011100111010010011010011011101001011101101000000101000000101000000101000000101000000101100011000100011000100011100111111100000111101110011101111011010111010100011010100011010110010100010010100010010110011100010011100010011110011101
00110111110111001110100100110100110111010010111011010000001010000001010000001010000001010000001011000110001000110001000111001111111000001111011100111011110110101110101000110101000110101100101000100101000100101100111000100111000100111
11101111001101111101110011101001001101001101110100101110110100000010100000010100000010100000010100000010110001100010001100010001110011111110000011110111001110111101101011101010001101010001101011001010001001010001001011001110001001110
11010000111011110011011111011100111010010011010011011101001011101101000000101000000101000000101000000101000000101100011000100011000100011100111111100000111101110011101111011010111010100011010100011010110010100010010100010010110011100
00101111110100001110111100110111110111001110100100110100110111010010111011010000001010000001010000001010000001010000001011000110001000110001000111001111111000001111011100111011110110101110101000110101000110101100101000100101000100101
11011111001011111101000011101111001101111101110011101001001101001101110100101110110100000010100000010100000010100000010100000010110001100010001100010001110011111110000011110111001110111101101011101010001101010001101011001010001001010
00110000110111110010111111010000111011110011011111011100111010010011010011011101001011101101000000101000000101000000101000000101000000101100011000100011000100011100111111100000111101110011101111011010111010100011010100011010110010100
11100001001100001101111100101111110100001110111100110111110111001110100100110100110111010010111011010000001010000001010000001010000001010000001011000110001000110001000111001111111000001111011100111011110110101110101000110101000110101
11001100111000010011000011011111001011111101000011101111001101111101110011101001001101001101110100101110110100000010100000010100000010100000010100000010110001100010001100010001110011111110000011110111001110111101101011101010001101010
00010111110011001110000100110000110111110010111111010000111011110011011111011100111010010011010011011101001011101101000000101000000101000000101000000101000000101100011000100011000100011100111111100000111101110011101111011010111010100
00101111000101111100110011100001001100001101111100101111110100001110111100110111110111001110100100110100110111010010111011010000001010000001010000001010000001010000001011000110001000110001000111001111111000001111011100111011110110101
11011110001011110001011111001100111000010011000011011111001011111101000011101111001101111101110011101001001101001101110100101110110100000010100000010100000010100000010100000010110001100010001100010001110011111110000011110111001110111
00110010110111100010111100010111110011001110000100110000110111110010111111010000111011110011011111011100111010010011010011011101001011101101000000101000000101000000101000000101000000101100011000100011000100011100111111100000111101110
11100101001100101101111000101111000101111100110011100001001100001101111100101111110100001110111100110111110111001110100100110100110111010010111011010000001010000001010000001010000001010000001011000110001000110001000111001111111000001
11000100111001010011001011011110001011110001011111001100111000010011000011011111001011111101000011101111001101111101110011101001001101001101110100101110110100000010100000010100000010100000010100000010110001100010001100010001110011111
00000111110001001110010100110010110111100010111100010111110011001110000100110000110111110010111111010000111011110011011111011100111010010011010011011101001011101101000000101000000101000000101000000101000000101100011000100011000100011
00001111000001111100010011100101001100101101111000101111000101111100110011100001001100001101111100101111110100001110111100110111110111001110100100110100110111010010111011010000001010000001010000001010000001010000001011000110001000110
00011110000011110000011111000100111001010011001011011110001011110001011111001100111000010011000011011111001011111101000011101111001101111101110011101001001101001101110100101110110100000010100000010100000010100000010100000010110001100
00111100000111100000111100000111110001001110010100110010110111100010111100010111110011001110000100110000110111110010111111010000111011110011011111011100111010010011010011011101001011101101000000101000000101000000101000000101000000101
11111000001111000001111000001111000001111100010011100101001100101101111000101111000101111100110011100001001100001101111100101111110100001110111100110111110111001110100100110100110111010010111011010000001010000001010000001010000001010
11111110111110000011110000011110000011110000011111000100111001010011001011011110001011110001011111001100111000010011000011011111001011111101000011101111001101111101110011101001001101001101110100101110110100000010100000010100000010100
11110011111111101111100000111100000111100000111100000111110001001110010100110010110111100010111100010111110011001110000100110000110111110010111111010000111011110011011111011100111010010011010011011101001011101101000000101000000101000
11101001111100111111111011111000001111000001111000001111000001111100010011100101001100101101111000101111000101111100110011100001001100001101111100101111110100001110111100110111110111001110100100110100110111010010111011010000001010000
11011101111010011111001111111110111110000011110000011110000011110000011111000100111001010011001011011110001011110001011111001100111000010011000011011111001011111101000011101111001101111101110011101001001101001101110100101110110100000
00110101110111011110100111110011111111101111100000111100000111100000111100000111110001001110010100110010110111100010111100010111110011001110000100110000110111110010111111010000111011110011011111011100111010010011010011011101001011101
11101011001101011101110111101001111100111111111011111000001111000001111000001111000001111100010011100101001100101101111000101111000101111100110011100001001100001101111100101111110100001110111100110111110111001110100100110100110111010
11011000111010110011010111011101111010011111001111111110111110000011110000011110000011110000011111000100111001010011001011011110001011110001011111001100111000010011000011011111001011111101000011101111001101111101110011101001001101001
00111111110110001110101100110101110111011110100111110011111111101111100000111100000111100000111100000111110001001110010100110010110111100010111100010111110011001110000100110000110111110010111111010000111011110011011111011100111010010
11111111001111111101100011101011001101011101110111101001111100111111111011111000001111000001111000001111000001111100010011100101001100101101111000101111000101111100110011100001001100001101111100101111110100001110111100110111110111001
11110000111111110011111111011000111010110011010111011101111010011111001111111110111110000011110000011110000011110000011111000100111001010011001011011110001011110001011111001100111000010011000011011111001011111101000011101111001101111
11101111111100001111111100111111110110001110101100110101110111011110100111110011111111101111100000111100000111100000111100000111110001001110010100110010110111100010111100010111110011001110000100110000110111110010111111010000111011110
11010001111011111111000011111111001111111101100011101011001101011101110111101001111100111111111011111000001111000001111000001111000001111100010011100101001100101101111000101111000101111100110011100001001100001101111100101111110100001
00101101110100011110111111110000111111110011111111011000111010110011010111011101111010011111001111111110111110000011110000011110000011110000011111000100111001010011001011011110001011110001011111001100111000010011000011011111001011111
11011011001011011101000111101111111100001111111100111111110110001110101100110101110111011110100111110011111111101111100000111100000111100000111100000111110001001110010100110010110111100010111100010111110011001110000100110000110111110
00111000110110110010110111010001111011111111000011111111001111111101100011101011001101011101110111101001111100111111111011111000001111000001111000001111000001111100010011100101001100101101111000101111000101111100110011100001001100001
11110001001110001101101100101101110100011110111111110000111111110011111111011000111010110011010111011101111010011111001111111110111110000011110000011110000011110000011111000100111001010011001011011110001011110001011111001100111000010
11101100111100010011100011011011001011011101000111101111111100001111111100111111110110001110101100110101110111011110100111110011111111101111100000111100000111100000111100000111110001001110010100110010110111100010111100010111110011001
11010111111011001111000100111000110110110010110111010001111011111111000011111111001111111101100011101011001101011101110111101001111100111111111011111000001111000001111000001111000001111100010011100101001100101101111000101111000101111
00100001110101111110110011110001001110001101101100101101110100011110111111110000111111110011111111011000111010110011010111011101111010011111001111111110111110000011110000011110000011110000011111000100111001010011001011011110001011110
11000011001000011101011111101100111100010011100011011011001011011101000111101111111100001111111100111111110110001110101100110101110111011110100111110011111111101111100000111100000111100000111100000111110001001110010100110010110111100
00001000110000110010000111010111111011001111000100111000110110110010110111010001111011111111000011111111001111111101100011101011001101011101110111101001111100111111111011111000001111000001111000001111000001111100010011100101001100101
00010001000010001100001100100001110101111110110011110001001110001101101100101101110100011110111111110000111111110011111111011000111010110011010111011101111010011111001111111110111110000011110000011110000011110000011111000100111001010
00100010000100010000100011000011001000011101011111101100111100010011100011011011001011011101000111101111111100001111111100111111110110001110101100110101110111011110100111110011111111101111100000111100000111100000111100000111110001001
11000100001000100001000100001000110000110010000111010111111011001111000100111000110110110010110111010001111011111111000011111111001111111101100011101011001101011101110111101001111100111111111011111000001111000001111000001111000001111
00000110110001000010001000010001000010001100001100100001110101111110110011110001001110001101101100101101110100011110111111110000111111110011111111011000111010110011010111011101111010011111001111111110111110000011110000011110000011110
00001101000001101100010000100010000100010000100011000011001000011101011111101100111100010011100011011011001011011101000111101111111100001111111100111111110110001110101100110101110111011110100111110011111111101111100000111100000111100
00011010000011010000011011000100001000100001000100001000110000110010000111010111111011001111000100111000110110110010110111010001111011111111000011111111001111111101100011101011001101011101110111101001111100111111111011111000001111000
00110100000110100000110100000110110001000010001000010001000010001100001100100001110101111110110011110001001110001101101100101101110100011110111111110000111111110011111111011000111010110011010111011101111010011111001111111110111110000
11101000001101000001101000001101000001101100010000100010000100010000100011000011001000011101011111101100111100010011100011011011001011011101000111101111111100001111111100111111110110001110101100110101110111011110100111110011111111101
11011110111010000011010000011010000011010000011011000100001000100001000100001000110000110010000111010111111011001111000100111000110110110010110111010001111011111111000011111111001111111101100011101011001101011101110111101001111100111
00110011110111101110100000110100000110100000110100000110110001000010001000010001000010001100001100100001110101111110110011110001001110001101101100101101110100011110111111110000111111110011111111011000111010110011010111011101111010011
11100111001100111101111011101000001101000001101000001101000001101100010000100010000100010000100011000011001000011101011111101100111100010011100011011011001011011101000111101111111100001111111100111111110110001110101100110101110111011
11000000111001110011001111011110111010000011010000011010000011010000011011000100001000100001000100001000110000110010000111010111111011001111000100111000110110110010110111010001111011111111000011111111001111111101100011101011001101011
00001111110000001110011100110011110111101110100000110100000110100000110100000110110001000010001000010001000010001100001100100001110101111110110011110001001110001101101100101101110100011110111111110000111111110011111111011000111010110
00011111000011111100000011100111001100111101111011101000001101000001101000001101000001101100010000100010000100010000100011000011001000011101011111101100111100010011100011011011001011011101000111101111111100001111111100111111110110001
00111110000111110000111111000000111001110011001111011110111010000011010000011010000011010000011011000100001000100001000100001000110000110010000111010111111011001111000100111000110110110010110111010001111011111111000011111111001111111
11111100001111100001111100001111110000001110011100110011110111101110100000110100000110100000110100000110110001000010001000010001000010001100001100100001110101111110110011110001001110001101101100101101110100011110111111110000111111110
11110110111111000011111000011111000011111100000011100111001100111101111011101000001101000001101000001101000001101100010000100010000100010000100011000011001000011101011111101100111100010011100011011011001011011101000111101111111100001
11100011111101101111110000111110000111110000111111000000111001110011001111011110111010000011010000011010000011010000011011000100001000100001000100001000110000110010000111010111111011001111000100111000110110110010110111010001111011111
11001001111000111111011011111100001111100001111100001111110000001110011100110011110111101110100000110100000110100000110100000110110001000010001000010001000010001100001100100001110101111110110011110001001110001101101100101101110100011
00011101110010011110001111110110111111000011111000011111000011111100000011100111001100111101111011101000001101000001101000001101000001101100010000100010000100010000100011000011001000011101011111101100111100010011100011011011001011011
00111011000111011100100111100011111101101111110000111110000111110000111111000000111001110011001111011110111010000011010000011010000011010000011011000100001000100001000100001000110000110010000111010111111011001111000100111000110110110
11110110001110110001110111001001111000111111011011111100001111100001111100001111110000001110011100110011110111101110100000110100000110100000110100000110110001000010001000010001000010001100001100100001110101111110110011110001001110001
11100010111101100011101100011101110010011110001111110110111111000011111000011111000011111100000011100111001100111101111011101000001101000001101000001101000001101100010000100010000100010000100011000011001000011101011111101100111100010
11001011111000101111011000111011000111011100100111100011111101101111110000111110000111110000111111000000111001110011001111011110111010000011010000011010000011010000011011000100001000100001000100001000110000110010000111010111111011001
00011001110010111110001011110110001110110001110111001001111000111111011011111100001111100001111100001111110000001110011100110011110111101110100000110100000110100000110100000110110001000010001000010001000010001100001100100001110101111
00110011000110011100101111100010111101100011101100011101110010011110001111110110111111000011111000011111000011111100000011100111001100111101111011101000001101000001101000001101000001101100010000100010000100010000100011000011001000011
11100110001100110001100111001011111000101111011000111011000111011100100111100011111101101111110000111110000111110000111111000000111001110011001111011110111010000011010000011010000011010000011011000100001000100001000100001000110000110
11000010111001100011001100011001110010111110001011110110001110110001110111001001111000111111011011111100001111100001111100001111110000001110011100110011110111101110100000110100000110100000110100000110110001000010001000010001000010001
00001011110000101110011000110011000110011100101111100010111101100011101100011101110010011110001111110110111111000011111000011111000011111100000011100111001100111101111011101000001101000001101000001101000001101100010000100010000100010
00010111000010111100001011100110001100110001100111001011111000101111011000111011000111011100100111100011111101101111110000111110000111110000111111000000111001110011001111011110111010000011010000011010000011010000011011000100001000100
00101110000101110000101111000010111001100011001100011001110010111110001011110110001110110001110111001001111000111111011011111100001111100001111100001111110000001110011100110011110111101110100000110100000110100000110100000110110001000
11011100001011100001011100001011110000101110011000110011000110011100101111100010111101100011101100011101110010011110001111110110111111000011111000011111000011111100000011100111001100111101111011101000001101000001101000001101000001101
00110110110111000010111000010111000010111100001011100110001100110001100111001011111000101111011000111011000111011100100111100011111101101111110000111110000111110000111111000000111001110011001111011110111010000011010000011010000011010
11101101001101101101110000101110000101110000101111000010111001100011001100011001110010111110001011110110001110110001110111001001111000111111011011111100001111100001111100001111110000001110011100110011110111101110100000110100000110100
11010100111011010011011011011100001011100001011100001011110000101110011000110011000110011100101111100010111101100011101100011101110010011110001111110110111111000011111000011111000011111100000011100111001100111101111011101000001101000
00100111110101001110110100110110110111000010111000010111000010111100001011100110001100110001100111001011111000101111011000111011000111011100100111100011111101101111110000111110000111110000111111000000111001110011001111011110111010000
11001111001001111101010011101101001101101101110000101110000101110000101111000010111001100011001100011001110010111110001011110110001110110001110111001001111000111111011011111100001111100001111100001111110000001110011100110011110111101
00010000110011110010011111010100111011010011011011011100001011100001011100001011110000101110011000110011000110011100101111100010111101100011101100011101110010011110001111110110111111000011111000011111000011111100000011100111001100111
00100001000100001100111100100111110101001110110100110110110111000010111000010111000010111100001011100110001100110001100111001011111000101111011000111011000111011100100111100011111101101111110000111110000111110000111111000000111001110
11000010001000010001000011001111001001111101010011101101001101101101110000101110000101110000101111000010111001100011001100011001110010111110001011110110001110110001110111001001111000111111011011111100001111100001111100001111110000001
00001010110000100010000100010000110011110010011111010100111011010011011011011100001011100001011100001011110000101110011000110011000110011100101111100010111101100011101100011101110010011110001111110110111111000011111000011111000011111
00010101000010101100001000100001000100001100111100100111110101001110110100110110110111000010111000010111000010111100001011100110001100110001100111001011111000101111011000111011000111011100100111100011111101101111110000111110000111110
00101010000101010000101011000010001000010001000011001111001001111101010011101101001101101101110000101110000101110000101111000010111001100011001100011001110010111110001011110110001110110001110111001001111000111111011011111100001111100
11010100001010100001010100001010110000100010000100010000110011110010011111010100111011010011011011011100001011100001011100001011110000101110011000110011000110011100101111100010111101100011101100011101110010011110001111110110111111000
00100110110101000010101000010101000010101100001000100001000100001100111100100111110101001110110100110110110111000010111000010111000010111100001011100110001100110001100111001011111000101111011000111011000111011100100111100011111101101
11001101001001101101010000101010000101010000101011000010001000010001000011001111001001111101010011101101001101101101110000101110000101110000101111000010111001100011001100011001110010111110001011110110001110110001110111001001111000111
00010100110011010010011011010100001010100001010100001010110000100010000100010000110011110010011111010100111011010011011011011100001011100001011100001011110000101110011000110011000110011100101111100010111101100011101100011101110010011
00101001000101001100110100100110110101000010101000010101000010101100001000100001000100001100111100100111110101001110110100110110110111000010111000010111000010111100001011100110001100110001100111001011111000101111011000111011000111011
11010010001010010001010011001101001001101101010000101010000101010000101011000010001000010001000011001111001001111101010011101101001101101101110000101110000101110000101111000010111001100011001100011001110010111110001011110110001110110
00101010110100100010100100010100110011010010011011010100001010100001010100001010110000100010000100010000110011110010011111010100111011010011011011011100001011100001011100001011110000101110011000110011000110011100101111100010111101100
11010101001010101101001000101001000101001100110100100110110101000010101000010101000010101100001000100001000100001100111100100111110101001110110100110110110111000010111000010111000010111100001011100110001100110001100111001011111000101
00100100110101010010101011010010001010010001010011001101001001101101010000101010000101010000101011000010001000010001000011001111001001111101010011101101001101101101110000101110000101110000101111000010111001100011001100011001110010111
11001001001001001101010100101010110100100010100100010100110011010010011011010100001010100001010100001010110000100010000100010000110011110010011111010100111011010011011011011100001011100001011100001011110000101110011000110011000110011
00011100110010010010010011010101001010101101001000101001000101001100110100100110110101000010101000010101000010101100001000100001000100001100111100100111110101001110110100110110110111000010111000010111000010111100001011100110001100110
00111001000111001100100100100100110101010010101011010010001010010001010011001101001001101101010000101010000101010000101011000010001000010001000011001111001001111101010011101101001101101101110000101110000101110000101111000010111001100
11110010001110010001110011001001001001001101010100101010110100100010100100010100110011010010011011010100001010100001010100001010110000100010000100010000110011110010011111010100111011010011011011011100001011100001011100001011110000101
11101010111100100011100100011100110010010010010011010101001010101101001000101001000101001100110100100110110101000010101000010101000010101100001000100001000100001100111100100111110101001110110100110110110111000010111000010111000010111
11011011111010101111001000111001000111001100100100100100110101010010101011010010001010010001010011001101001001101101010000101010000101010000101011000010001000010001000011001111001001111101010011101101001101101101110000101110000101110
00111001110110111110101011110010001110010001110011001001001001001101010100101010110100100010100100010100110011010010011011010100001010100001010100001010110000100010000100010000110011110010011111010100111011010011011011011100001011100
11110011001110011101101111101010111100100011100100011100110010010010010011010101001010101101001000101001000101001100110100100110110101000010101000010101000010101100001000100001000100001100111100100111110101001110110100110110110111000
11101000111100110011100111011011111010101111001000111001000111001100100100100100110101010010101011010010001010010001010011001101001001101101010000101010000101010000101011000010001000010001000011001111001001111101010011101101001101101
11011111111010001111001100111001110110111110101011110010001110010001110011001001001001001101010100101010110100100010100100010100110011010010011011010100001010100001010100001010110000100010000100010000110011110010011111010100111011010
00110001110111111110100011110011001110011101101111101010111100100011100100011100110010010010010011010101001010101101001000101001000101001100110100100110110101000010101000010101000010101100001000100001000100001100111100100111110101001
11100011001100011101111111101000111100110011100111011011111010101111001000111001000111001100100100100100110101010010101011010010001010010001010011001101001001101101010000101010000101010000101011000010001000010001000011001111001001111
11001000111000110011000111011111111010001111001100111001110110111110101011110010001110010001110011001001001001001101010100101010110100100010100100010100110011010010011011010100001010100001010100001010110000100010000100010000110011110
00011111110010001110001100110001110111111110100011110011001110011101101111101010111100100011100100011100110010010010010011010101001010101101001000101001000101001100110100100110110101000010101000010101000010101100001000100001000100001
00111111000111111100100011100011001100011101111111101000111100110011100111011011111010101111001000111001000111001100100100100100110101010010101011010010001010010001010011001101001001101101010000101010000101010000101011000010001000010
11111110001111110001111111001000111000110011000111011111111010001111001100111001110110111110101011110010001110010001110011001001001001001101010100101010110100100010100100010100110011010010011011010100001010100001010100001010110000100
11110010111111100011111100011111110010001110001100110001110111111110100011110011001110011101101111101010111100100011100100011100110010010010010011010101001010101101001000101001000101001100110100100110110101000010101000010101000010101
11101011111100101111111000111111000111111100100011100011001100011101111111101000111100110011100111011011111010101111001000111001000111001100100100100100110101010010101011010010001010010001010011001101001001101101010000101010000101010
11011001111010111111001011111110001111110001111111001000111000110011000111011111111010001111001100111001110110111110101011110010001110010001110011001001001001001101010100101010110100100010100100010100110011010010011011010100001010100
00111101110110011110101111110010111111100011111100011111110010001110001100110001110111111110100011110011001110011101101111101010111100100011100100011100110010010010010011010101001010101101001000101001000101001100110100100110110101000
11111011001111011101100111101011111100101111111000111111000111111100100011100011001100011101111111101000111100110011100111011011111010101111001000111001000111001100100100100100110101010010101011010010001010010001010011001101001001101
11111000111110110011110111011001111010111111001011111110001111110001111111001000111000110011000111011111111010001111001100111001110110111110101011110010001110010001110011001001001001001101010100101010110100100010100100010100110011010
11111111111110001111101100111101110110011110101111110010111111100011111100011111110010001110001100110001110111111110100011110011001110011101101111101010111100100011100100011100110010010010010011010101001010101101001000101001000101001
11110001111111111111100011111011001111011101100111101011111100101111111000111111000111111100100011100011001100011101111111101000111100110011100111011011111010101111001000111001000111001100100100100100110101010010101011010010001010010
11101101111100011111111111111000111110110011110111011001111010111111001011111110001111110001111111001000111000110011000111011111111010001111001100111001110110111110101011110010001110010001110011001001001001001101010100101010110100100
11010101111011011111000111111111111110001111101100111101110110011110101111110010111111100011111100011111110010001110001100110001110111111110100011110011001110011101101111101010111100100011100100011100110010010010010011010101001010101
00100101110101011110110111110001111111111111100011111011001111011101100111101011111100101111111000111111000111111100100011100011001100011101111111101000111100110011100111011011111010101111001000111001000111001100100100100100110101010
11001011001001011101010111101101111100011111111111111000111110110011110111011001111010111111001011111110001111110001111111001000111000110011000111011111111010001111001100111001110110111110101011110010001110010001110011001001001001001
00011000110010110010010111010101111011011111000111111111111110001111101100111101110110011110101111110010111111100011111100011111110010001110001100110001110111111110100011110011001110011101101111101010111100100011100100011100110010010
00110001000110001100101100100101110101011110110111110001111111111111100011111011001111011101100111101011111100101111111000111111000111111100100011100011001100011101111111101000111100110011100111011011111010101111001000111001000111001
11100010001100010001100011001011001001011101010111101101111100011111111111111000111110110011110111011001111010111111001011111110001111110001111111001000111000110011000111011111111010001111001100111001110110111110101011110010001110010
11001010111000100011000100011000110010110010010111010101111011011111000111111111111110001111101100111101110110011110101111110010111111100011111100011111110010001110001100110001110111111110100011110011001110011101101111101010111100100
00011011110010101110001000110001000110001100101100100101110101011110110111110001111111111111100011111011001111011101100111101011111100101111111000111111000111111100100011100011001100011101111111101000111100110011100111011011111010101
00110111000110111100101011100010001100010001100011001011001001011101010111101101111100011111111111111000111110110011110111011001111010111111001011111110001111110001111111001000111000110011000111011111111010001111001100111001110110111
11101110001101110001101111001010111000100011000100011000110010110010010111010101111011011111000111111111111110001111101100111101110110011110101111110010111111100011111100011111110010001110001100110001110111111110100011110011001110011
11010010111011100011011100011011110010101110001000110001000110001100101100100101110101011110110111110001111111111111100011111011001111011101100111101011111100101111111000111111000111111100100011100011001100011101111111101000111100110
00101011110100101110111000110111000110111100101011100010001100010001100011001011001001011101010111101101111100011111111111111000111110110011110111011001111010111111001011111110001111110001111111001000111000110011000111011111111010001
11010111001010111101001011101110001101110001101111001010111000100011000100011000110010110010010111010101111011011111000111111111111110001111101100111101110110011110101111110010111111100011111100011111110010001110001100110001110111111
00100000110101110010101111010010111011100011011100011011110010101110001000110001000110001100101100100101110101011110110111110001111111111111100011111011001111011101100111101011111100101111111000111111000111111100100011100011001100011
11000001001000001101011100101011110100101110111000110111000110111100101011100010001100010001100011001011001001011101010111101101111100011111111111111000111110110011110111011001111010111111001011111110001111110001111111001000111000110
00001100110000010010000011010111001010111101001011101110001101110001101111001010111000100011000100011000110010110010010111010101111011011111000111111111111110001111101100111101110110011110101111110010111111100011111100011111110010001
00011001000011001100000100100000110101110010101111010010111011100011011100011011110010101110001000110001000110001100101100100101110101011110110111110001111111111111100011111011001111011101100111101011111100101111111000111111000111111
00110010000110010000110011000001001000001101011100101011110100101110111000110111000110111100101011100010001100010001100011001011001001011101010111101101111100011111111111111000111110110011110111011001111010111111001011111110001111110
11100100001100100001100100001100110000010010000011010111001010111101001011101110001101110001101111001010111000100011000100011000110010110010010111010101111011011111000111111111111110001111101100111101110110011110101111110010111111100
11000110111001000011001000011001000011001100000100100000110101110010101111010010111011100011011100011011110010101110001000110001000110001100101100100101110101011110110111110001111111111111100011111011001111011101100111101011111100101
00000011110001101110010000110010000110010000110011000001001000001101011100101011110100101110111000110111000110111100101011100010001100010001100011001011001001011101010111101101111100011111111111111000111110110011110111011001111010111
00000111000000111100011011100100001100100001100100001100110000010010000011010111001010111101001011101110001101110001101111001010111000100011000100011000110010110010010111010101111011011111000111111111111110001111101100111101110110011
00001110000001110000001111000110111001000011001000011001000011001100000100100000110101110010101111010010111011100011011100011011110010101110001000110001000110001100101100100101110101011110110111110001111111111111100011111011001111011
00011100000011100000011100000011110001101110010000110010000110010000110011000001001000001101011100101011110100101110111000110111000110111100101011100010001100010001100011001011001001011101010111101101111100011111111111111000111110110
00111000000111000000111000000111000000111100011011100100001100100001100100001100110000010010000011010111001010111101001011101110001101110001101111001010111000100011000100011000110010110010010111010101111011011111000111111111111110001
11110000001110000001110000001110000001110000001111000110111001000011001000011001000011001100000100100000110101110010101111010010111011100011011100011011110010101110001000110001000110001100101100100101110101011110110111110001111111111
11101110111100000011100000011100000011100000011100000011110001101110010000110010000110010000110011000001001000001101011100101011110100101110111000110111000110111100101011100010001100010001100011001011001001011101010111101101111100011
11010011111011101111000000111000000111000000111000000111000000111100011011100100001100100001100100001100110000010010000011010111001010111101001011101110001101110001101111001010111000100011000100011000110010110010010111010101111011011
00101001110100111110111011110000001110000001110000001110000001110000001111000110111001000011001000011001000011001100000100100000110101110010101111010010111011100011011100011011110010101110001000110001000110001100101100100101110101011
11010011001010011101001111101110111100000011100000011100000011100000011100000011110001101110010000110010000110010000110011000001001000001101011100101011110100101110111000110111000110111100101011100010001100010001100011001011001001011
00101000110100110010100111010011111011101111000000111000000111000000111000000111000000111100011011100100001100100001100100001100110000010010000011010111001010111101001011101110001101110001101111001010111000100011000100011000110010110
11010001001010001101001100101001110100111110111011110000001110000001110000001110000001110000001111000110111001000011001000011001000011001100000100100000110101110010101111010010111011100011011100011011110010101110001000110001000110001
00101100110100010010100011010011001010011101001111101110111100000011100000011100000011100000011100000011110001101110010000110010000110010000110011000001001000001101011100101011110100101110111000110111000110111100101011100010001100010
11011001001011001101000100101000110100110010100111010011111011101111000000111000000111000000111000000111000000111100011011100100001100100001100100001100110000010010000011010111001010111101001011101110001101110001101111001010111000100
00111100110110010010110011010001001010001101001100101001110100111110111011110000001110000001110000001110000001110000001111000110111001000011001000011001000011001100000100100000110101110010101111010010111011100011011100011011110010101
11111001001111001101100100101100110100010010100011010011001010011101001111101110111100000011100000011100000011100000011100000011110001101110010000110010000110010000110011000001001000001101011100101011110100101110111000110111000110111
11111100111110010011110011011001001011001101000100101000110100110010100111010011111011101111000000111000000111000000111000000111000000111100011011100100001100100001100100001100110000010010000011010111001010111101001011101110001101110
11110111111111001111100100111100110110010010110011010001001010001101001100101001110100111110111011110000001110000001110000001110000001110000001111000110111001000011001000011001000011001100000100100000110101110010101111010010111011100
11100001111101111111110011111001001111001101100100101100110100010010100011010011001010011101001111101110111100000011100000011100000011100000011100000011110001101110010000110010000110010000110011000001001000001101011100101011110100101
11001101111000011111011111111100111110010011110011011001001011001101000100101000110100110010100111010011111011101111000000111000000111000000111000000111000000111100011011100100001100100001100100001100110000010010000011010111001010111
00010101110011011110000111110111111111001111100100111100110110010010110011010001001010001101001100101001110100111110111011110000001110000001110000001110000001110000001111000110111001000011001000011001000011001100000100100000110101110
00101011000101011100110111100001111101111111110011111001001111001101100100101100110100010010100011010011001010011101001111101110111100000011100000011100000011100000011100000011110001101110010000110010000110010000110011000001001000001
11010110001010110001010111001101111000011111011111111100111110010011110011011001001011001101000100101000110100110010100111010011111011101111000000111000000111000000111000000111000000111100011011100100001100100001100100001100110000010
00100010110101100010101100010101110011011110000111110111111111001111100100111100110110010010110011010001001010001101001100101001110100111110111011110000001110000001110000001110000001110000001111000110111001000011001000011001000011001
11000101001000101101011000101011000101011100110111100001111101111111110011111001001111001101100100101100110100010010100011010011001010011101001111101110111100000011100000011100000011100000011100000011110001101110010000110010000110010
00000100110001010010001011010110001010110001010111001101111000011111011111111100111110010011110011011001001011001101000100101000110100110010100111010011111011101111000000111000000111000000111000000111000000111100011011100100001100100
00001001000001001100010100100010110101100010101100010101110011011110000111110111111111001111100100111100110110010010110011010001001010001101001100101001110100111110111011110000001110000001110000001110000001110000001111000110111001000
00010010000010010000010011000101001000101101011000101011000101011100110111100001111101111111110011111001001111001101100100101100110100010010100011010011001010011101001111101110111100000011100000011100000011100000011100000011110001101
00100100000100100000100100000100110001010010001011010110001010110001010111001101111000011111011111111100111110010011110011011001001011001101000100101000110100110010100111010011111011101111000000111000000111000000111000000111000000111
11001000001001000001001000001001000001001100010100100010110101100010101100010101110011011110000111110111111111001111100100111100110110010010110011010001001010001101001100101001110100111110111011110000001110000001110000001110000001110
00011110110010000010010000010010000010010000010011000101001000101101011000101011000101011100110111100001111101111111110011111001001111001101100100101100110100010010100011010011001010011101001111101110111100000011100000011100000011100
00111101000111101100100000100100000100100000100100000100110001010010001011010110001010110001010111001101111000011111011111111100111110010011110011011001001011001101000100101000110100110010100111010011111011101111000000111000000111000
11111010001111010001111011001000001001000001001000001001000001001100010100100010110101100010101100010101110011011110000111110111111111001111100100111100110110010010110011010001001010001101001100101001110100111110111011110000001110000
11111010111110100011110100011110110010000010010000010010000010010000010011000101001000101101011000101011000101011100110111100001111101111111110011111001001111001101100100101100110100010010100011010011001010011101001111101110111100000
11111011111110101111101000111101000111101100100000100100000100100000100100000100110001010010001011010110001010110001010111001101111000011111011111111100111110010011110011011001001011001101000100101000110100110010100111010011111011101
11111001111110111111101011111010001111010001111011001000001001000001001000001001000001001100010100100010110101100010101100010101110011011110000111110111111111001111100100111100110110010010110011010001001010001101001100101001110100111
11111101111110011111101111111010111110100011110100011110110010000010010000010010000010010000010011000101001000101101011000101011000101011100110111100001111101111111110011111001001111001101100100101100110100010010100011010011001010011
11110101111111011111100111111011111110101111101000111101000111101100100000100100000100100000100100000100110001010010001011010110001010110001010111001101111000011111011111111100111110010011110011011001001011001101000100101000110100110
11100101111101011111110111111001111110111111101011111010001111010001111011001000001001000001001000001001000001001100010100100010110101100010101100010101110011011110000111110111111111001111100100111100110110010010110011010001001010001
11000101111001011111010111111101111110011111101111111010111110100011110100011110110010000010010000010010000010010000010011000101001000101101011000101011000101011100110111100001111101111111110011111001001111001101100100101100110100010
00000101110001011110010111110101111111011111100111111011111110101111101000111101000111101100100000100100000100100000100100000100110001010010001011010110001010110001010111001101111000011111011111111100111110010011110011011001001011001
00001011000001011100010111100101111101011111110111111001111110111111101011111010001111010001111011001000001001000001001000001001000001001100010100100010110101100010101100010101110011011110000111110111111111001111100100111100110110010
00010110000010110000010111000101111001011111010111111101111110011111101111111010111110100011110100011110110010000010010000010010000010010000010011000101001000101101011000101011000101011100110111100001111101111111110011111001001111001
00101100000101100000101100000101110001011110010111110101111111011111100111111011111110101111101000111101000111101100100000100100000100100000100100000100110001010010001011010110001010110001010111001101111000011111011111111100111110010
11011000001011000001011000001011000001011100010111100101111101011111110111111001111110111111101011111010001111010001111011001000001001000001001000001001000001001100010100100010110101100010101100010101110011011110000111110111111111001
00111110110110000010110000010110000010110000010111000101111001011111010111111101111110011111101111111010111110100011110100011110110010000010010000010010000010010000010011000101001000101101011000101011000101011100110111100001111101111
11111101001111101101100000101100000101100000101100000101110001011110010111110101111111011111100111111011111110101111101000111101000111101100100000100100000100100000100100000100110001010010001011010110001010110001010111001101111000011
11110100111111010011111011011000001011000001011000001011000001011100010111100101111101011111110111111001111110111111101011111010001111010001111011001000001001000001001000001001000001001100010100100010110101100010101100010101110011011
11100111111101001111110100111110110110000010110000010110000010110000010111000101111001011111010111111101111110011111101111111010111110100011110100011110110010000010010000010010000010010000010011000101001000101101011000101011000101011
11000001111001111111010011111101001111101101100000101100000101100000101100000101110001011110010111110101111111011111100111111011111110101111101000111101000111101100100000100100000100100000100100000100110001010010001011010110001010110
00001101110000011110011111110100111111010011111011011000001011000001011000001011000001011100010111100101111101011111110111111001111110111111101011111010001111010001111011001000001001000001001000001001000001001100010100100010110101100
00011011000011011100000111100111111101001111110100111110110110000010110000010110000010110000010111000101111001011111010111111101111110011111101111111010111110100011110100011110110010000010010000010010000010010000010011000101001000101
00110110000110110000110111000001111001111111010011111101001111101101100000101100000101100000101100000101110001011110010111110101111111011111100111111011111110101111101000111101000111101100100000100100000100100000100100000100110001010
11101100001101100001101100001101110000011110011111110100111111010011111011011000001011000001011000001011000001011100010111100101111101011111110111111001111110111111101011111010001111010001111011001000001001000001001000001001000001001
11010110111011000011011000011011000011011100000111100111111101001111110100111110110110000010110000010110000010110000010111000101111001011111010111111101111110011111101111111010111110100011110100011110110010000010010000010010000010010
00100011110101101110110000110110000110110000110111000001111001111111010011111101001111101101100000101100000101100000101100000101110001011110010111110101111111011111100111111011111110101111101000111101000111101100100000100100000100100
11000111001000111101011011101100001101100001101100001101110000011110011111110100111111010011111011011000001011000001011000001011000001011100010111100101111101011111110111111001111110111111101011111010001111010001111011001000001001000
00000000110001110010001111010110111011000011011000011011000011011100000111100111111101001111110100111110110110000010110000010110000010110000010111000101111001011111010111111101111110011111101111111010111110100011110100011110110010000
00000001000000001100011100100011110101101110110000110110000110110000110111000001111001111111010011111101001111101101100000101100000101100000101100000101110001011110010111110101111111011111100111111011111110101111101000111101000111101
00000010000000010000000011000111001000111101011011101100001101100001101100001101110000011110011111110100111111010011111011011000001011000001011000001011000001011100010111100101111101011111110111111001111110111111101011111010001111010
00000100000000100000000100000000110001110010001111010110111011000011011000011011000011011100000111100111111101001111110100111110110110000010110000010110000010110000010111000101111001011111010111111101111110011111101111111010111110100
00001000000001000000001000000001000000001100011100100011110101101110110000110110000110110000110111000001111001111111010011111101001111101101100000101100000101100000101100000101110001011110010111110101111111011111100111111011111110101
00010000000010000000010000000010000000010000000011000111001000111101011011101100001101100001101100001101110000011110011111110100111111010011111011011000001011000001011000001011000001011100010111100101111101011111110111111001111110111
00100000000100000000100000000100000000100000000100000000110001110010001111010110111011000011011000011011000011011100000111100111111101001111110100111110110110000010110000010110000010110000010111000101111001011111010111111101111110011
11000000001000000001000000001000000001000000001000000001000000001100011100100011110101101110110000110110000110110000110111000001111001111111010011111101001111101101100000101100000101100000101100000101110001011110010111110101111111011
00001110110000000010000000010000000010000000010000000010000000010000000011000111001000111101011011101100001101100001101100001101110000011110011111110100111111010011111011011000001011000001011000001011000001011100010111100101111101011
00011101000011101100000000100000000100000000100000000100000000100000000100000000110001110010001111010110111011000011011000011011000011011100000111100111111101001111110100111110110110000010110000010110000010110000010111000101111001011
00111010000111010000111011000000001000000001000000001000000001000000001000000001000000001100011100100011110101101110110000110110000110110000110111000001111001111111010011111101001111101101100000101100000101100000101100000101110001011
11110100001110100001110100001110110000000010000000010000000010000000010000000010000000010000000011000111001000111101011011101100001101100001101100001101110000011110011111110100111111010011111011011000001011000001011000001011000001011
11100110111101000011101000011101000011101100000000100000000100000000100000000100000000100000000100000000110001110010001111010110111011000011011000011011000011011100000111100111111101001111110100111110110110000010110000010110000010110
11000011111001101111010000111010000111010000111011000000001000000001000000001000000001000000001000000001000000001100011100100011110101101110110000110110000110110000110111000001111001111111010011111101001111101101100000101100000101100
00001001110000111110011011110100001110100001110100001110110000000010000000010000000010000000010000000010000000010000000011000111001000111101011011101100001101100001101100001101110000011110011111110100111111010011111011011000001011000
00010011000010011100001111100110111101000011101000011101000011101100000000100000000100000000100000000100000000100000000100000000110001110010001111010110111011000011011000011011000011011100000111100111111101001111110100111110110110000
00100110000100110000100111000011111001101111010000111010000111010000111011000000001000000001000000001000000001000000001000000001000000001100011100100011110101101110110000110110000110110000110111000001111001111111010011111101001111101
11001100001001100001001100001001110000111110011011110100001110100001110100001110110000000010000000010000000010000000010000000010000000010000000011000111001000111101011011101100001101100001101100001101110000011110011111110100111111010
00010110110011000010011000010011000010011100001111100110111101000011101000011101000011101100000000100000000100000000100000000100000000100000000100000000110001110010001111010110111011000011011000011011000011011100000111100111111101001
00101101000101101100110000100110000100110000100111000011111001101111010000111010000111010000111011000000001000000001000000001000000001000000001000000001000000001100011100100011110101101110110000110110000110110000110111000001111001111
11011010001011010001011011001100001001100001001100001001110000111110011011110100001110100001110100001110110000000010000000010000000010000000010000000010000000010000000011000111001000111101011011101100001101100001101100001101110000011
00111010110110100010110100010110110011000010011000010011000010011100001111100110111101000011101000011101000011101100000000100000000100000000100000000100000000100000000100000000110001110010001111010110111011000011011000011011000011011
11110101001110101101101000101101000101101100110000100110000100110000100111000011111001101111010000111010000111010000111011000000001000000001000000001000000001000000001000000001000000001100011100100011110101101110110000110110000110110
11100100111101010011101011011010001011010001011011001100001001100001001100001001110000111110011011110100001110100001110100001110110000000010000000010000000010000000010000000010000000010000000011000111001000111101011011101100001101100
11000111111001001111010100111010110110100010110100010110110011000010011000010011000010011100001111100110111101000011101000011101000011101100000000100000000100000000100000000100000000100000000100000000110001110010001111010110111011000
00000001110001111110010011110101001110101101101000101101000101101100110000100110000100110000100111000011111001101111010000111010000111010000111011000000001000000001000000001000000001000000001000000001000000001100011100100011110101101
00000011000000011100011111100100111101010011101011011010001011010001011011001100001001100001001100001001110000111110011011110100001110100001110100001110110000000010000000010000000010000000010000000010000000010000000011000111001000111
00000110000000110000000111000111111001001111010100111010110110100010110100010110110011000010011000010011000010011100001111100110111101000011101000011101000011101100000000100000000100000000100000000100000000100000000100000000110001110
00001100000001100000001100000001110001111110010011110101001110101101101000101101000101101100110000100110000100110000100111000011111001101111010000111010000111010000111011000000001000000001000000001000000001000000001000000001000000001
00011000000011000000011000000011000000011100011111100100111101010011101011011010001011010001011011001100001001100001001100001001110000111110011011110100001110100001110100001110110000000010000000010000000010000000010000000010000000010
00110000000110000000110000000110000000110000000111000111111001001111010100111010110110100010110100010110110011000010011000010011000010011100001111100110111101000011101000011101000011101100000000100000000100000000100000000100000000100
11100000001100000001100000001100000001100000001100000001110001111110010011110101001110101101101000101101000101101100110000100110000100110000100111000011111001101111010000111010000111010000111011000000001000000001000000001000000001000
11001110111000000011000000011000000011000000011000000011000000011100011111100100111101010011101011011010001011010001011011001100001001100001001100001001110000111110011011110100001110100001110100001110110000000010000000010000000010000
00010011110011101110000000110000000110000000110000000110000000110000000111000111111001001111010100111010110110100010110100010110110011000010011000010011000010011100001111100110111101000011101000011101000011101100000000100000000100000
00100111000100111100111011100000001100000001100000001100000001100000001100000001110001111110010011110101001110101101101000101101000101101100110000100110000100110000100111000011111001101111010000111010000111010000111011000000001000000
11001110001001110001001111001110111000000011000000011000000011000000011000000011000000011100011111100100111101010011101011011010001011010001011011001100001001100001001100001001110000111110011011110100001110100001110100001110110000000
00010010110011100010011100010011110011101110000000110000000110000000110000000110000000110000000111000111111001001111010100111010110110100010110100010110110011000010011000010011000010011100001111100110111101000011101000011101000011101
00100101000100101100111000100111000100111100111011100000001100000001100000001100000001100000001100000001110001111110010011110101001110101101101000101101000101101100110000100110000100110000100111000011111001101111010000111010000111010
11001010001001010001001011001110001001110001001111001110111000000011000000011000000011000000011000000011000000011100011111100100111101010011101011011010001011010001011011001100001001100001001100001001110000111110011011110100001110100
00011010110010100010010100010010110011100010011100010011110011101110000000110000000110000000110000000110000000110000000111000111111001001111010100111010110110100010110100010110110011000010011000010011000010011100001111100110111101000
00110101000110101100101000100101000100101100111000100111000100111100111011100000001100000001100000001100000001100000001100000001110001111110010011110101001110101101101000101101000101101100110000100110000100110000100111000011111001101
11101010001101010001101011001010001001010001001011001110001001110001001111001110111000000011000000011000000011000000011000000011000000011100011111100100111101010011101011011010001011010001011011001100001001100001001100001001110000111
11011010111010100011010100011010110010100010010100010010110011100010011100010011110011101110000000110000000110000000110000000110000000110000000111000111111001001111010100111010110110100010110100010110110011000010011000010011000010011
00111011110110101110101000110101000110101100101000100101000100101100111000100111000100111100111011100000001100000001100000001100000001100000001100000001110001111110010011110101001110101101101000101101000101101100110000100110000100110
11110111001110111101101011101010001101010001101011001010001001010001001011001110001001110001001111001110111000000011000000011000000011000000011000000011000000011100011111100100111101010011101011011010001011010001011011001100001001100
11100000111101110011101111011010111010100011010100011010110010100010010100010010110011100010011100010011110011101110000000110000000110000000110000000110000000110000000111000111111001001111010100111010110110100010110100010110110011000
11001111111000001111011100111011110110101110101000110101000110101100101000100101000100101100111000100111000100111100111011100000001100000001100000001100000001100000001100000001110001111110010011110101001110101101101000101101000101101
00010001110011111110000011110111001110111101101011101010001101010001101011001010001001010001001011001110001001110001001111001110111000000011000000011000000011000000011000000011000000011100011111100100111101010011101011011010001011010
00100011000100011100111111100000111101110011101111011010111010100011010100011010110010100010010100010010110011100010011100010011110011101110000000110000000110000000110000000110000000110000000111000111111001001111010100111010110110100
11000110001000110001000111001111111000001111011100111011110110101110101000110101000110101100101000100101000100101100111000100111000100111100111011100000001100000001100000001100000001100000001100000001110001111110010011110101001110101
00000010110001100010001100010001110011111110000011110111001110111101101011101010001101010001101011001010001001010001001011001110001001110001001111001110111000000011000000011000000011000000011000000011000000011100011111100100111101010
00000101000000101100011000100011000100011100111111100000111101110011101111011010111010100011010100011010110010100010010100010010110011100010011100010011110011101110000000110000000110000000110000000110000000110000000111000111111001001
00001010000001010000001011000110001000110001000111001111111000001111011100111011110110101110101000110101000110101100101000100101000100101100111000100111000100111100111011100000001100000001100000001100000001100000001100000001110001111
